timestamp,open,high,low,close,volume,prev_close,avg_daily_vol,vwap,ema9,ema20,ema200,macd,macd_signal,tr,atr14,pdi,mdi,dx,adx14,mom5,mom15
2025-04-23 13:30:00+00:00,10.199999809265137,10.199999809265137,10.199999809265137,10.199999809265137,493.0,9.859999656677246,286916.6666666667,10.199999809265137,10.199999809265137,10.199999809265137,10.199999809265137,0.0,0.0,0.0,,,,,,,
2025-04-23 13:31:00+00:00,10.199999809265137,10.199999809265137,10.199999809265137,10.199999809265137,0.0,9.859999656677246,286916.6666666667,10.199999809265137,10.199999809265137,10.199999809265137,10.199999809265137,0.0,0.0,0.0,,,,,,,
2025-04-23 13:32:00+00:00,9.779600143432615,9.779600143432615,9.779600143432615,9.779600143432615,600.0,9.859999656677246,286916.6666666667,9.969222316584888,10.115919876098634,10.159961745852517,10.195816728013071,-0.03353615567894863,-0.006707231135789727,0.4203996658325213,,,,,,,
2025-04-23 13:33:00+00:00,9.779600143432615,9.779600143432615,9.779600143432615,9.779600143432615,0.0,9.859999656677246,286916.6666666667,9.969222316584888,10.048655929565431,10.123736831336336,10.191675269460031,-0.059428743111983096,-0.0172515335310284,0.0,,,,,,,
2025-04-23 13:34:00+00:00,10.255000114440918,10.255000114440918,10.255000114440918,10.255000114440918,301.0,9.859999656677246,286916.6666666667,10.030929000340029,10.089924766540529,10.136238096393916,10.19230536742004,-0.04111406329261946,-0.022024039483346615,0.47539997100830256,,,,,,,
2025-04-23 13:35:00+00:00,10.255000114440918,10.255000114440918,10.255000114440918,10.255000114440918,0.0,9.859999656677246,286916.6666666667,10.030929000340029,10.122939836120608,10.147548764779344,10.192929195748606,-0.026296418838215985,-0.02287851535432049,0.0,,,,,,0.005392186882770433,
2025-04-23 13:36:00+00:00,10.255000114440918,10.255000114440918,10.255000114440918,10.255000114440918,0.0,9.859999656677246,286916.6666666667,10.030929000340029,10.14935189178467,10.157782226651875,10.193546816830121,-0.014387478951283228,-0.02118030807371304,0.0,,,,,,0.005392186882770433,
2025-04-23 13:37:00+00:00,10.255000114440918,10.255000114440918,10.255000114440918,10.255000114440918,0.0,9.859999656677246,286916.6666666667,10.030929000340029,10.17048153631592,10.167041073107976,10.19415829242824,-0.004893153068913136,-0.01792287707275306,0.0,,,,,,0.04861139147161886,
2025-04-23 13:38:00+00:00,10.255000114440918,10.255000114440918,10.255000114440918,10.255000114440918,0.0,9.859999656677246,286916.6666666667,10.030929000340029,10.18738525194092,10.175418124663494,10.194763683692047,0.0026011837684869477,-0.013818064904505059,0.0,,,,,,0.04861139147161886,
2025-04-23 13:39:00+00:00,10.255000114440918,10.255000114440918,10.255000114440918,10.255000114440918,0.0,9.859999656677246,286916.6666666667,10.030929000340029,10.200908224440921,10.182997361785155,10.195363051162186,0.008443172073931748,-0.009365817508817698,0.0,,,,,,0.0,
2025-04-23 13:40:00+00:00,10.729999542236328,10.729999542236328,10.729999542236328,10.729999542236328,104.0,9.859999656677246,286916.6666666667,10.07946260271467,10.306726488000002,10.23509280754241,10.200682817242525,0.05081570219921083,0.0026704864327880082,0.47499942779541016,,,,,,0.046318812529950515,
2025-04-23 13:41:00+00:00,10.729999542236328,10.729999542236328,10.729999542236328,10.729999542236328,0.0,9.859999656677246,286916.6666666667,10.07946260271467,10.391381098847267,10.282226782275163,10.20594965032704,0.08343445711560804,0.018823280569352015,0.0,,,,,,0.046318812529950515,
2025-04-23 13:42:00+00:00,10.729999542236328,10.729999542236328,10.729999542236328,10.729999542236328,0.0,9.859999656677246,286916.6666666667,10.07946260271467,10.45910478752508,10.32487180703337,10.211164077112207,0.10803964165562796,0.03666655278660721,0.0,,,,,,0.046318812529950515,
2025-04-23 13:43:00+00:00,10.18239974975586,10.18239974975586,10.18239974975586,10.18239974975586,200.0,9.859999656677246,286916.6666666667,10.091587119445082,10.403763779971236,10.311303039673607,10.210877864899707,0.08240281257423021,0.04581380474413181,0.5475997924804688,0.1370284897940502,49.54128257937638,99.99999999999999,33.742332919901344,,-0.007079508910275312,
2025-04-23 13:44:00+00:00,10.43000030517578,10.43000030517578,10.43000030517578,10.43000030517578,284.0,9.859999656677246,286916.6666666667,10.140078211648673,10.409011085012144,10.322607541150004,10.213058187688524,0.08112952569125476,0.0528769489335564,0.2476005554199201,0.15471424375261592,55.309338834060135,100.0,28.775256852834517,,0.017064864825152792,
2025-04-23 13:45:00+00:00,10.43000030517578,10.43000030517578,10.43000030517578,10.43000030517578,0.0,9.859999656677246,286916.6666666667,10.140078211648673,10.413208929044872,10.332835423438175,10.215216815723224,0.0792073832536957,0.05814303579758426,0.0,0.15471424375261592,55.309338834060135,100.0,28.775256852834517,,-0.02795892356562235,0.02254906864818973
2025-04-23 13:46:00+00:00,10.43000030517578,10.43000030517578,10.43000030517578,10.43000030517578,0.0,9.859999656677246,286916.6666666667,10.140078211648673,10.416567204271054,10.342089221698899,10.217353964872007,0.07679878295926912,0.06187418522992123,0.0,0.1246856961931501,68.62970486135772,100.0,18.60306590967113,,-0.02795892356562235,0.02254906864818973
2025-04-23 13:47:00+00:00,10.43000030517578,10.43000030517578,10.43000030517578,10.43000030517578,0.0,9.859999656677246,286916.6666666667,10.140078211648673,10.419253824452,10.350461705839555,10.21946984885513,0.07403650315070998,0.06430664881407899,0.0,0.1246856961931501,68.62970486135772,100.0,18.60306590967113,,-0.02795892356562235,0.06650580312119736
2025-04-23 13:48:00+00:00,10.43000030517578,10.43000030517578,10.43000030517578,10.43000030517578,0.0,9.859999656677246,286916.6666666667,10.140078211648673,10.421403120596755,10.358036810538243,10.221564679266283,0.07102860297989366,0.06565103964724193,0.0,0.09072855540684278,56.88868767273238,100.0,27.478917037790012,,0.02431652277508123,0.06650580312119736
2025-04-23 13:49:00+00:00,10.43000030517578,10.43000030517578,10.43000030517578,10.43000030517578,0.0,9.859999656677246,286916.6666666667,10.140078211648673,10.42312255751256,10.3648904766942,10.223638665593741,0.06786254326794428,0.06609334037138241,0.0,0.09072855540684278,56.88868767273238,100.0,27.478917037790012,,0.0,0.017064864825152792
2025-04-23 13:50:00+00:00,10.43000030517578,10.43000030517578,10.43000030517578,10.43000030517578,0.0,9.859999656677246,286916.6666666667,10.140078211648673,10.424498107045205,10.371091412740064,10.225692015241325,0.06460864983815107,0.06579640226473615,0.0,0.09072855540684278,56.88868767273238,100.0,27.478917037790012,,0.0,0.017064864825152792
2025-04-23 13:51:00+00:00,10.43000030517578,10.43000030517578,10.43000030517578,10.43000030517578,0.0,9.859999656677246,286916.6666666667,10.140078211648673,10.42559854667132,10.376701783448228,10.227724933549132,0.06132302222406061,0.06490172625660104,0.0,0.09072855540684278,56.88868767273238,100.0,27.478917037790012,,0.0,0.017064864825152792
2025-04-23 13:52:00+00:00,10.43000030517578,10.43000030517578,10.43000030517578,10.43000030517578,0.0,9.859999656677246,286916.6666666667,10.140078211648673,10.426478898372213,10.381777833136567,10.229737623814074,0.05804997469479822,0.06353137594424048,0.0,0.09072855540684278,56.88868767273238,100.0,27.478917037790012,,0.0,0.017064864825152792
2025-04-23 13:53:00+00:00,10.43000030517578,10.43000030517578,10.43000030517578,10.43000030517578,0.0,9.859999656677246,286916.6666666667,10.140078211648673,10.427183179732927,10.386370449521255,10.231730287310212,0.05482408304429498,0.06178991736425138,0.0,0.09072855540684278,56.88868767273238,100.0,27.478917037790012,,0.0,0.017064864825152792
2025-04-23 13:54:00+00:00,10.43000030517578,10.43000030517578,10.43000030517578,10.43000030517578,0.0,9.859999656677246,286916.6666666667,10.140078211648673,10.427746604821497,10.390525673869305,10.233703123308876,0.05167189918086024,0.05976631372757315,0.0,0.056800024850027775,31.13687714972377,100.00000000000001,52.51240104768752,,0.0,0.017064864825152792
2025-04-23 13:55:00+00:00,10.43000030517578,10.43000030517578,10.43000030517578,10.43000030517578,0.0,9.859999656677246,286916.6666666667,10.140078211648673,10.428197344892354,10.394285162565161,10.235656329098598,0.048613385906875806,0.057535728163433685,0.0,0.056800024850027775,31.13687714972377,100.00000000000001,52.51240104768752,,0.0,-0.02795892356562235
2025-04-23 13:56:00+00:00,10.149999618530272,10.149999618530272,10.145000457763672,10.145000457763672,10206.0,9.859999656677246,286916.6666666667,10.145595407971093,10.371557967466618,10.370543762107877,10.234754280627604,0.022928085560687705,0.050614199642884494,0.2849998474121076,0.07715715680803546,22.921728443891876,100.0,62.705164116928934,32.93588906313976,-0.027325008540093676,-0.054519954280513594
2025-04-23 13:57:00+00:00,9.949999809265137,9.949999809265137,9.949999809265137,9.949999809265137,115.0,9.859999656677246,286916.6666666667,10.143767114558822,10.287246335826321,10.330491957075235,10.231920902803102,-0.013012621263824187,0.03788883546154276,0.19500064849853516,0.05197150366646878,34.02971380636866,100.0,49.22064243824167,34.04148260016407,-0.04602113920096895,-0.07269336125326853
2025-04-23 13:58:00+00:00,10.074999809265137,10.149999618530272,9.975000381469728,10.010000228881836,1389.0,9.859999656677246,286916.6666666667,10.133747583726954,10.231797114437423,10.29996893534253,10.229712736893438,-0.036236644461594025,0.023063739476915403,0.19999980926513494,0.048571450369698406,29.41172345701164,74.26482962896515,43.26253606710648,35.07628825832636,-0.04026846251246252,-0.01693112872318303
2025-04-23 13:59:00+00:00,10.18000030517578,10.18000030517578,10.18000030517578,10.18000030517578,319.0,9.859999656677246,286916.6666666667,10.134800657607633,10.221437752585096,10.288543351517125,10.229218085831572,-0.04045789137131095,0.010359413307270133,0.17000007629394354,0.06071431296212294,27.058869728146803,83.52949096253755,51.06380172533625,36.668327177790765,-0.023969318570004283,-0.023969318570004283
2025-04-23 14:00:00+00:00,10.18000030517578,10.18000030517578,10.18000030517578,10.18000030517578,0.0,9.859999656677246,286916.6666666667,10.134800657607633,10.213150263103234,10.278205918532237,10.22872835667082,-0.04330407751002063,-0.00037328485618801956,0.0,0.06071431296212294,27.058869728146803,83.52949096253755,51.06380172533625,38.98695116462399,-0.023969318570004283,-0.023969318570004283
2025-04-23 14:01:00+00:00,10.18000030517578,10.18000030517578,10.18000030517578,10.18000030517578,0.0,9.859999656677246,286916.6666666667,10.134800657607633,10.206520271517743,10.26885300297448,10.228243500437038,-0.04504050166416462,-0.00930672821778334,0.0,0.06071431296212294,27.058869728146803,83.52949096253755,51.06380172533625,41.30557515145721,0.0034499601609503383,-0.023969318570004283
2025-04-23 14:02:00+00:00,10.18000030517578,10.18000030517578,10.18000030517578,10.18000030517578,0.0,9.859999656677246,286916.6666666667,10.134800657607633,10.201216278249351,10.260390841279365,10.227763468643396,-0.045887665868532324,-0.016622915747933138,0.0,0.06071431296212294,27.058869728146803,83.52949096253755,51.06380172533625,42.99020977199623,0.023115628172823977,-0.023969318570004283
2025-04-23 14:03:00+00:00,10.085000038146973,10.085000038146973,10.085000038146973,10.085000038146973,1064.0,9.859999656677246,286916.6666666667,10.131285708413195,10.177973030228877,10.243686955266757,10.226342936996666,-0.05360683102389885,-0.02401969880312628,0.09500026702880682,0.06750004632132343,24.33866011373441,85.1852599391466,55.55553507949119,44.9956824892606,0.007492488266757524,-0.033077685228599996
2025-04-23 14:04:00+00:00,10.085000038146973,10.085000038146973,10.085000038146973,10.085000038146973,0.0,9.859999656677246,286916.6666666667,10.131285708413195,10.159378431812497,10.228573915541062,10.224936539993188,-0.0590437059345259,-0.031024500229406206,0.0,0.06750004632132343,24.33866011373441,85.1852599391466,55.55553507949119,47.00115520652496,-0.009332049526610153,-0.033077685228599996
2025-04-23 14:05:00+00:00,10.085000038146973,10.085000038146973,10.085000038146973,10.085000038146973,0.0,9.859999656677246,286916.6666666667,10.131285708413195,10.144502753079394,10.2149002129321,10.223544136989744,-0.06263050301909878,-0.03734570078734473,0.0,0.06750004632132343,24.33866011373441,85.1852599391466,55.55553507949119,49.00662792378933,-0.009332049526610153,-0.033077685228599996
2025-04-23 14:06:00+00:00,10.085000038146973,10.085000038146973,10.085000038146973,10.085000038146973,0.0,9.859999656677246,286916.6666666667,10.131285708413195,10.13260221009291,10.202528767714469,10.222165588742554,-0.06472693374895933,-0.04282194737966765,0.0,0.06750004632132343,24.33866011373441,85.1852599391466,55.55553507949119,51.01210064105371,-0.009332049526610153,-0.033077685228599996
2025-04-23 14:07:00+00:00,10.085000038146973,10.085000038146973,10.085000038146973,10.085000038146973,0.0,9.859999656677246,286916.6666666667,10.131285708413195,10.123081775703724,10.191335555374707,10.220800757393345,-0.06563180758290699,-0.04738391942031552,0.0,0.06750004632132343,24.33866011373441,85.1852599391466,55.55553507949119,53.01757335831808,-0.009332049526610153,-0.033077685228599996
2025-04-23 14:08:00+00:00,10.085000038146973,10.085000038146973,10.085000038146973,10.085000038146973,0.0,9.859999656677246,286916.6666666667,10.131285708413195,10.115465428192374,10.18120836325778,10.219449506455572,-0.06559281349175095,-0.05102569823460261,0.0,0.06750004632132343,24.33866011373441,85.1852599391466,55.55553507949119,53.23494007487549,0.0,-0.033077685228599996
2025-04-23 14:09:00+00:00,10.085000038146973,10.085000038146973,10.085000038146973,10.085000038146973,0.0,9.859999656677246,286916.6666666667,10.131285708413195,10.109372350183294,10.172045665628179,10.21811170080076,-0.06481476611558179,-0.05378351181079845,0.0,0.06750004632132343,24.33866011373441,85.1852599391466,55.55553507949119,53.45230679143288,0.0,-0.033077685228599996
2025-04-23 14:10:00+00:00,10.085000038146973,10.085000038146973,10.085000038146973,10.085000038146973,0.0,9.859999656677246,286916.6666666667,10.131285708413195,10.10449788777603,10.163755605868063,10.216787206645002,-0.06346655502467335,-0.055720120453573434,0.0,0.04714291436331575,34.84851768846967,78.7879970118242,38.66669040250044,51.73527295468799,0.0,-0.033077685228599996
2025-04-23 14:11:00+00:00,10.085000038146973,10.085000038146973,10.085000038146973,10.085000038146973,0.0,9.859999656677246,286916.6666666667,10.131285708413195,10.10059831785022,10.156255075608911,10.21547589153557,-0.06168699869960825,-0.0569134961027804,0.0,0.03321429661342038,49.46245600794131,69.89261425629839,17.117126405377526,49.442164666626276,0.0,-0.00591428456474663
2025-04-23 14:12:00+00:00,10.085000038146973,10.085000038146973,10.085000038146973,10.085000038146973,0.0,9.859999656677246,286916.6666666667,10.131285708413195,10.097478661909571,10.149468881564916,10.214177624337674,-0.059589773673423,-0.057448751616908926,0.0,0.018928595951625025,11.320999161487594,113.2074724784339,81.81781401088313,52.19611309118174,0.0,0.013567862459266333
2025-04-23 14:13:00+00:00,10.085000038146973,10.085000038146973,10.085000038146973,10.085000038146973,0.0,9.859999656677246,286916.6666666667,10.131285708413195,10.094982937157052,10.143328991715588,10.21289227522135,-0.05726756291303836,-0.057412513876134816,0.0,0.006785733359200487,0.0,100.0,100.0,55.6915558250863,0.0,0.007492488266757524
2025-04-23 14:14:00+00:00,9.989999771118164,9.989999771118164,9.989999771118164,9.989999771118164,168.0,9.859999656677246,286916.6666666667,10.12972853217062,10.073986303949276,10.128726208801549,10.210674439359627,-0.06237391409836057,-0.05840479392057997,0.0950002670288086,0.013571466718401102,0.0,100.0,100.0,59.18699855899085,-0.009419957032173132,-0.01866409905322053
2025-04-23 14:15:00+00:00,9.845000267028809,9.920000076293944,9.845000267028809,9.920000076293944,1490.0,9.859999656677246,286916.6666666667,10.108827001989267,10.04318905841821,10.10884752951511,10.207782157140068,-0.07124782399764307,-0.060973399935992594,0.14499950408935547,0.023928574153355062,0.0,100.0,100.0,62.682441292895405,-0.01636092823291113,-0.025540296766950465
2025-04-23 14:16:00+00:00,10.039999961853027,10.039999961853027,10.039999961853027,10.039999961853027,768.0,9.859999656677246,286916.6666666667,10.105806650762215,10.042551239105174,10.102290618309198,10.206112682560098,-0.06781573605080027,-0.06234186715895413,0.11999988555908381,0.032499994550432475,26.3736056440765,116.48347732769892,63.076936620234385,63.5405223568167,-0.004462079932943008,-0.013752489108627253
2025-04-23 14:17:00+00:00,10.039999961853027,10.039999961853027,10.039999961853027,10.039999961853027,0.0,9.859999656677246,286916.6666666667,10.105806650762215,10.042040983654745,10.096358174837182,10.204459819667491,-0.06435394935682659,-0.06274428359852863,0.0,0.02571426119123199,33.33333333333366,120.83330021960961,56.75674746846378,63.626323241743314,-0.004462079932943008,-0.013752489108627253
2025-04-23 14:18:00+00:00,10.039999961853027,10.039999961853027,10.039999961853027,10.039999961853027,0.0,9.859999656677246,286916.6666666667,10.105806650762215,10.041632779294401,10.090990725981548,10.202823403171825,-0.060908344974292206,-0.06237709587368134,0.0,0.02571426119123199,33.33333333333366,120.83330021960961,56.75674746846378,63.712124126669934,-0.004462079932943008,-0.004462079932943008
2025-04-23 14:19:00+00:00,10.039999961853027,10.039999961853027,10.039999961853027,10.039999961853027,0.0,9.859999656677246,286916.6666666667,10.105806650762215,10.041306215806127,10.086134462731213,10.20120326942736,-0.05751468518769798,-0.06140461373648467,0.0,0.02571426119123199,33.33333333333366,120.83330021960961,56.75674746846378,63.79792501159654,0.005005024212254572,-0.004462079932943008
2025-04-23 14:20:00+00:00,10.03499984741211,10.03499984741211,10.03499984741211,10.03499984741211,320.0,9.859999656677246,286916.6666666667,10.104535219469245,10.040044942127324,10.081264499367489,10.199549504034174,-0.054599266447759476,-0.06004354427873963,0.005000114440917969,0.02607141222272613,32.87670159120039,120.54790583439964,57.142857142856656,63.91130515897978,0.011592718773559607,-0.0049578770992301235
2025-04-23 14:21:00+00:00,10.03499984741211,10.03499984741211,10.03499984741211,10.03499984741211,0.0,9.859999656677246,286916.6666666667,10.104535219469245,10.039035923184281,10.076858342038406,10.197912194018034,-0.05169289260367371,-0.05837341394372645,0.0,0.02607141222272613,32.87670159120039,120.54790583439964,57.142857142856656,64.02468530636303,-0.000498019368517566,-0.0049578770992301235
2025-04-23 14:22:00+00:00,10.03499984741211,10.03499984741211,10.020000457763672,10.020000457763672,407.0,9.859999656677246,286916.6666666667,10.102759340008058,10.03522883010016,10.071443305440813,10.196141927985652,-0.05002325879346614,-0.05670338291367439,0.0149993896484375,0.027142797197614525,31.578986994865524,119.73683550085524,58.26082629824309,64.21792039341675,-0.001991982486588051,-0.0064451740344508845
2025-04-23 14:23:00+00:00,10.029999732971191,10.029999732971191,10.029999732971191,10.029999732971191,1256.0,9.859999656677246,286916.6666666667,10.09806902660022,10.034183010674367,10.067496298538945,10.194488771816355,-0.047347412529106236,-0.05483218883676076,0.009999275207519531,0.027857031141008775,30.7693248203298,119.23079744609831,58.97426701335916,64.46211553155017,-0.000996038737035021,-0.005453674265517128
2025-04-23 14:24:00+00:00,10.029999732971191,10.029999732971191,10.029999732971191,10.029999732971191,0.0,9.859999656677246,286916.6666666667,10.09806902660022,10.033346355133732,10.063925197056301,10.192852064962175,-0.044711380127923306,-0.05280802709499327,0.0,0.027857031141008775,30.7693248203298,119.23079744609831,58.97426701335916,65.91265671804008,-0.000996038737035021,-0.005453674265517128
2025-04-23 14:25:00+00:00,10.045000076293944,10.045000076293944,10.045000076293944,10.045000076293944,1315.0,9.859999656677246,286916.6666666667,10.094713785018762,10.035677099365774,10.062122804602744,10.191380900895824,-0.04093997259551685,-0.05043441619509799,0.01500034332275213,0.028928484235491072,33.333490317233064,118.51852723984584,56.09740212413903,68.69696212652305,0.0009965350307816756,-0.003966282766656115
2025-04-23 14:26:00+00:00,10.045000076293944,10.045000076293944,10.045000076293944,10.045000076293944,0.0,9.859999656677246,286916.6666666667,10.094713785018762,10.037541694751408,10.060492068573335,10.189924375277895,-0.037518613730007644,-0.047851255702079924,0.0,0.028928484235491072,33.333490317233064,118.51852723984584,56.09740212413903,66.85978984889847,0.0009965350307816756,-0.003966282766656115
2025-04-23 14:27:00+00:00,10.045000076293944,10.045000076293944,10.045000076293944,10.045000076293944,0.0,9.859999656677246,286916.6666666667,10.094713785018762,10.039033371059915,10.059016640737203,10.188482342452184,-0.03441049936267149,-0.04516310443419824,0.0,0.028928484235491072,33.333490317233064,118.51852723984584,56.09740212413903,63.72389000062268,0.002494971795226064,-0.003966282766656115
2025-04-23 14:28:00+00:00,10.045000076293944,10.045000076293944,10.045000076293944,10.045000076293944,0.0,9.859999656677246,286916.6666666667,10.094713785018762,10.04022671210672,10.057681729837846,10.187054658211805,-0.03158322458071261,-0.04244712846350111,0.0,0.022142750876290456,43.54866992558228,124.19360296809425,48.0766903007382,60.01508216496113,0.0014955477290234942,-0.003966282766656115
2025-04-23 14:29:00+00:00,10.109999656677246,10.244999885559082,10.109999656677246,10.119999885559082,597.0,9.859999656677246,286916.6666666667,10.09648891852386,10.056181346797194,10.063616792287489,10.186387446543618,-0.02302530970097827,-0.038562764710996546,0.1999998092651385,0.026071344103132103,91.78112972886825,83.56147561329254,4.687767755894812,53.20706557609647,0.008973096209767384,0.013013024766703074
2025-04-23 14:30:00+00:00,10.109999656677246,10.244999885559082,10.109999656677246,10.119999885559082,0.0,9.859999656677246,286916.6666666667,10.09648891852386,10.068945054549573,10.068986610694308,10.185726873797503,-0.016057993943912052,-0.03406181055757965,0.13500022888183594,0.027142797197614397,56.57911247860502,28.94709103594356,32.308252099558075,51.009302396048156,0.0074663821498754945,0.020161270940217246
2025-04-23 14:31:00+00:00,10.149999618530272,10.149999618530272,10.149999618530272,10.149999618530272,614.0,9.859999656677246,286916.6666666667,10.097981674989281,10.085155967345713,10.076702135250114,10.185371378720218,-0.008023132598721006,-0.02885407496580792,0.02999973297118963,0.029285635266985084,52.439203098287095,36.585138922810046,17.808684473871118,48.22729789643439,0.010452916021785441,0.010956141144939036
2025-04-23 14:32:00+00:00,10.149999618530272,10.149999618530272,10.149999618530272,10.149999618530272,0.0,9.859999656677246,286916.6666666667,10.097981674989281,10.098124697582625,10.083682847943463,10.185019420907382,-0.0016365816006516098,-0.02341057629277666,0.0,0.029285635266985084,52.439203098287095,36.585138922810046,17.808684473871118,45.44529339682064,0.010452916021785441,0.010956141144939036
2025-04-23 14:33:00+00:00,10.149999618530272,10.149999618530272,10.149999618530272,10.149999618530272,0.0,9.859999656677246,286916.6666666667,10.097981674989281,10.108499681772154,10.089998730856493,10.184670965162336,0.0033857769488392364,-0.01805130564445348,0.0,0.029285635266985084,52.439203098287095,36.585138922810046,17.808684473871118,42.663288897206876,0.010452916021785441,0.010956141144939036
2025-04-23 14:34:00+00:00,10.149999618530272,10.149999618530272,10.149999618530272,10.149999618530272,0.0,9.859999656677246,286916.6666666667,10.097981674989281,10.116799669123777,10.095713101111139,10.184325976638634,0.007282088895605554,-0.012984626736441674,0.0,0.028928484235490944,53.086617436515944,35.80221912440632,19.44495954816926,39.97058192615778,0.0029644005247468908,0.010956141144939036
2025-04-23 14:35:00+00:00,10.149999618530272,10.149999618530272,10.149999618530272,10.149999618530272,0.0,9.859999656677246,286916.6666666667,10.097981674989281,10.123439659005076,10.100883245627248,10.18398442083656,0.010251768182722998,-0.008337347752608741,0.0,0.028928484235490944,53.086617436515944,35.80221912440632,19.44495954816926,37.27787495510868,0.0029644005247468908,0.01145986774955654
2025-04-23 14:36:00+00:00,10.149999618530272,10.149999618530272,10.149999618530272,10.149999618530272,0.0,9.859999656677246,286916.6666666667,10.097981674989281,10.128751650910115,10.105560995427536,10.183646263599682,0.012461610721830496,-0.004177556057720895,0.0,0.027857099260602553,55.12833052936369,33.33317031182723,24.638017680328378,34.87624576811477,0.0,0.01145986774955654
2025-04-23 14:37:00+00:00,10.149999618530272,10.149999618530272,10.149999618530272,10.149999618530272,0.0,9.859999656677246,286916.6666666667,10.097981674989281,10.133001244434146,10.109793245246845,10.18331147111143,0.014050956178717655,-0.000531853610433185,0.0,0.0271428653172083,56.578970483789064,31.57890774207603,28.35828543611447,32.68938994116872,0.0,0.012973967547663445
2025-04-23 14:38:00+00:00,10.149999618530272,10.149999618530272,10.149999618530272,10.149999618530272,0.0,9.859999656677246,286916.6666666667,10.097981674989281,10.13640091925337,10.11362242365479,10.182980009891718,0.015136044999028542,0.002601726111459161,0.0,0.0271428653172083,56.578970483789064,31.57890774207603,28.35828543611447,30.50253411422267,0.0,0.011964096585626915
2025-04-23 14:39:00+00:00,10.34000015258789,10.34000015258789,10.34000015258789,10.34000015258789,581.0,9.859999656677246,286916.6666666667,10.104205956140396,10.177120765920275,10.135182207362705,10.184542399371283,0.030970433030944378,0.008275467495356204,0.19000053405761896,0.039642878941127356,70.27029349096199,53.15313767269243,13.868643625352558,27.486194221452205,0.01871926514270461,0.030907320824510975
2025-04-23 14:40:00+00:00,10.34000015258789,10.34000015258789,10.34000015258789,10.34000015258789,0.0,9.859999656677246,286916.6666666667,10.104205956140396,10.2096966432538,10.154688678336532,10.186089242686872,0.04302335319234807,0.015225044634754577,0.0,0.039642878941127356,70.27029349096199,53.15313767269243,13.868643625352558,24.46985432868175,0.01871926514270461,0.02936785207101611
2025-04-23 14:41:00+00:00,10.34000015258789,10.34000015258789,10.34000015258789,10.34000015258789,0.0,9.859999656677246,286916.6666666667,10.104205956140396,10.235757345120618,10.172337390169995,10.187620694526684,0.051976229635702254,0.022575281634944114,0.0,0.039642878941127356,70.27029349096199,53.15313767269243,13.868643625352558,21.45351443591128,0.01871926514270461,0.02936785207101611
2025-04-23 14:42:00+00:00,10.34000015258789,10.34000015258789,10.34000015258789,10.34000015258789,0.0,9.859999656677246,286916.6666666667,10.104205956140396,10.256605906614073,10.188305272305033,10.189136908039732,0.05839826981626928,0.02973987927120915,0.0,0.039642878941127356,70.27029349096199,53.15313767269243,13.868643625352558,19.010082530526596,0.01871926514270461,0.02936785207101611
2025-04-23 14:43:00+00:00,10.34000015258789,10.34000015258789,10.34000015258789,10.34000015258789,0.0,9.859999656677246,286916.6666666667,10.104205956140396,10.273284755808838,10.202752403760543,10.190638034851156,0.06276427542992025,0.03634475850295137,0.0,0.025357178279331753,53.52120243388141,64.7887815820226,9.523777085986689,19.3555117683903,0.01871926514270461,0.02936785207101611
2025-04-23 14:44:00+00:00,9.904999732971191,9.904999732971191,9.904999732971191,9.904999732971191,1709.0,9.859999656677246,286916.6666666667,10.090195938222857,10.199627751241309,10.17439500654251,10.187795862693147,0.03076878452612064,0.03522956370758523,0.4350004196166992,0.04678576333182199,29.007684714145796,101.52675090052969,55.55550598192563,21.016029902845123,-0.04206967245622595,-0.021245074606639935
2025-04-23 14:45:00+00:00,9.904999732971191,9.904999732971191,9.904999732971191,9.904999732971191,0.0,9.859999656677246,286916.6666666667,10.090195938222857,10.140702147587286,10.14873831382143,10.184981970855118,0.005350450803472739,0.029253741126762735,0.0,0.0446429252624513,30.400039062440595,100.0,53.37418718427856,23.556422953588513,-0.04206967245622595,-0.021245074606639935
2025-04-23 14:46:00+00:00,9.904999732971191,9.904999732971191,9.904999732971191,9.904999732971191,0.0,9.859999656677246,286916.6666666667,10.090195938222857,10.093561664664067,10.125525115645218,10.18219607794085,-0.014625171922858726,0.020477958516838445,0.0,0.0446429252624513,30.400039062440595,100.0,53.37418718427856,26.096816004331902,-0.04206967245622595,-0.024137920666696178
2025-04-23 14:47:00+00:00,9.904999732971191,9.904999732971191,9.904999732971191,9.904999732971191,0.0,9.859999656677246,286916.6666666667,10.090195938222857,10.055849278325493,10.10452269824769,10.179437905354087,-0.030108919962884784,0.010360582820893798,0.0,0.0446429252624513,30.400039062440595,100.0,53.37418718427856,28.63720905507529,-0.04206967245622595,-0.024137920666696178
2025-04-23 14:48:00+00:00,9.904999732971191,9.904999732971191,9.904999732971191,9.904999732971191,0.0,9.859999656677246,286916.6666666667,10.090195938222857,10.025679369254632,10.0855205110785,10.176707177270675,-0.04189693999466826,-9.092174221861371e-05,0.0,0.0446429252624513,30.400039062440595,100.0,53.37418718427856,31.060725314797384,-0.04206967245622595,-0.024137920666696178
2025-04-23 14:49:00+00:00,9.904999732971191,9.904999732971191,9.904999732971191,9.904999732971191,0.0,9.859999656677246,286916.6666666667,10.090195938222857,10.001543441997944,10.06832805602066,10.174003620610979,-0.05065511021906133,-0.010203759437587157,0.0,0.0446429252624513,30.400039062440595,100.0,53.37418718427856,33.48424157451948,0.0,-0.024137920666696178
2025-04-23 14:50:00+00:00,9.904999732971191,9.904999732971191,9.904999732971191,9.904999732971191,0.0,9.859999656677246,286916.6666666667,10.090195938222857,9.982234700192594,10.052772977634996,10.171326965012573,-0.056939658284107963,-0.01955093920689132,0.0,0.0446429252624513,30.400039062440595,100.0,53.37418718427856,35.53682511051592,0.0,-0.024137920666696178
2025-04-23 14:51:00+00:00,9.904999732971191,9.904999732971191,9.904999732971191,9.904999732971191,0.0,9.859999656677246,286916.6666666667,10.090195938222857,9.966787706748313,10.038699335286061,10.168676942803208,-0.061214564508471625,-0.02788366426720738,0.0,0.0446429252624513,30.400039062440595,100.0,53.37418718427856,37.323675235384776,0.0,-0.024137920666696178
2025-04-23 14:52:00+00:00,9.904999732971191,9.904999732971191,9.904999732971191,9.904999732971191,0.0,9.859999656677246,286916.6666666667,10.090195938222857,9.954430111992888,10.025966039827502,10.166053288974034,-0.0638662481371508,-0.03508018104119607,0.0,0.0446429252624513,30.400039062440595,100.0,53.37418718427856,39.11052536025365,0.0,-0.024137920666696178
2025-04-23 14:53:00+00:00,9.904999732971191,9.904999732971191,9.904999732971191,9.904999732971191,0.0,9.859999656677246,286916.6666666667,10.090195938222857,9.94454403618855,10.01444543917452,10.16345574115311,-0.06521595755406828,-0.04110733634377051,0.0,0.031071458544049944,0.0,100.0,100.0,45.2627651012999,0.0,-0.024137920666696178
2025-04-23 14:54:00+00:00,9.904999732971191,9.904999732971191,9.904999732971191,9.904999732971191,0.0,9.859999656677246,286916.6666666667,10.090195938222857,9.936635175545078,10.004022038583726,10.16088403957916,-0.06553022040146494,-0.04599191315530941,0.0,0.031071458544049944,0.0,100.0,100.0,51.41500484234614,0.0,-0.04206967245622595
2025-04-23 14:55:00+00:00,9.904999732971191,9.904999732971191,9.904999732971191,9.904999732971191,0.0,9.859999656677246,286916.6666666667,10.090195938222857,9.930308087030301,9.994591342811102,10.1583379270756,-0.0650296545935678,-0.04979946144296109,0.0,0.031071458544049944,0.0,100.0,100.0,57.56724458339239,0.0,-0.04206967245622595
2025-04-23 14:56:00+00:00,9.904999732971191,9.904999732971191,9.904999732971191,9.904999732971191,0.0,9.859999656677246,286916.6666666667,10.090195938222857,9.92524641621848,9.986058808540633,10.15581714902481,-0.06389639472021713,-0.052618848098412295,0.0,0.031071458544049944,0.0,100.0,100.0,63.71948432443863,0.0,-0.04206967245622595
2025-04-23 14:57:00+00:00,9.770000457763672,9.770000457763672,9.770000457763672,9.770000457763672,759.0,9.859999656677246,286916.6666666667,10.080497691298858,9.894197224527518,9.965481822752352,10.15197817697246,-0.07304952196169268,-0.05670498287106838,0.13499927520751953,0.040714263916015625,0.0,100.0,100.0,70.18207167543959,-0.013629407253605619,-0.05512569501089992
2025-04-23 14:58:00+00:00,9.84000015258789,9.84000015258789,9.770000457763672,9.770000457763672,1392.0,9.859999656677246,286916.6666666667,10.06538551063716,9.86935787117475,9.946864549896286,10.148177403646999,-0.07938830231371163,-0.061241646759597035,0.06999969482421875,0.014642783573695592,34.14636415655224,65.85363584344776,31.707271686895524,68.47862636865172,-0.013629407253605619,-0.05512569501089992
2025-04-23 14:59:00+00:00,9.770000457763672,9.770000457763672,9.770000457763672,9.770000457763672,352.0,9.859999656677246,286916.6666666667,10.06150626060502,9.849486388492535,9.93002035064556,10.144414448961593,-0.08344987321841657,-0.06568329205136095,0.0,0.014642783573695592,34.14636415655224,65.85363584344776,31.707271686895524,66.93098954741006,-0.013629407253605619,-0.013629407253605619
2025-04-23 15:00:00+00:00,9.770000457763672,9.770000457763672,9.770000457763672,9.770000457763672,0.0,9.859999656677246,286916.6666666667,10.06150626060502,9.833589202346763,9.914780360847285,10.140688936611364,-0.08568101995892974,-0.06968283763287471,0.0,0.014642783573695592,34.14636415655224,65.85363584344776,31.707271686895524,65.38335272616843,-0.013629407253605619,-0.013629407253605619
2025-04-23 15:01:00+00:00,9.770000457763672,9.770000457763672,9.770000457763672,9.770000457763672,0.0,9.859999656677246,286916.6666666667,10.06150626060502,9.820871453430145,9.900991798648846,10.137000494035764,-0.08645264751962856,-0.07303679961022548,0.0,0.014642783573695592,34.14636415655224,65.85363584344776,31.707271686895524,63.83571590492678,-0.013629407253605619,-0.013629407253605619
2025-04-23 15:02:00+00:00,9.75,9.75,9.75,9.75,231.0,9.859999656677246,286916.6666666667,10.058844503329006,9.806697162744117,9.886611627348957,10.133149742851328,-0.0876674617831501,-0.07596293204481042,0.020000457763671875,0.016071387699672153,31.111054596933823,68.88894540306617,37.77789080613235,62.721694735059195,-0.0020471296649509085,-0.01564863575465203
2025-04-23 15:03:00+00:00,9.75,9.75,9.75,9.75,0.0,9.859999656677246,286916.6666666667,10.058844503329006,9.795357730195294,9.873600996172867,10.129337307599076,-0.08762017994649973,-0.07829438162514829,0.0,0.016071387699672153,31.111054596933823,68.88894540306617,37.77789080613235,61.607673565191604,-0.0020471296649509085,-0.01564863575465203
2025-04-23 15:04:00+00:00,9.670000076293944,9.734999656677246,9.670000076293944,9.734999656677246,587.0,9.859999656677246,286916.6666666667,10.05150171428397,9.783286115491684,9.860400868601856,10.125413549878463,-0.0877812237874469,-0.08019175005760801,0.07999992370605646,0.021785667964390472,22.950768412988626,77.04923158701138,54.098463174022754,61.65940756445905,-0.00358247691366409,-0.017163057130436754
2025-04-23 15:05:00+00:00,9.670000076293944,9.734999656677246,9.670000076293944,9.734999656677246,0.0,9.859999656677246,286916.6666666667,10.05150171428397,9.773628823728798,9.848457896037607,10.121528834523227,-0.08690704191027088,-0.08153480842814059,0.06499958038330256,0.02642849513462637,18.918891053993406,63.513604074520714,54.09846317402275,61.71114156372649,-0.00358247691366409,-0.017163057130436754
2025-04-23 15:06:00+00:00,9.670000076293944,9.734999656677246,9.670000076293944,9.734999656677246,0.0,9.859999656677246,286916.6666666667,10.05150171428397,9.765902990318487,9.837652349431858,10.117682773052124,-0.08523174793914556,-0.08227419633034158,0.06499958038330256,0.031071322304862266,16.091938903248664,54.023094343924384,54.09846317402276,61.76287556299393,-0.00358247691366409,-0.017163057130436754
2025-04-23 15:07:00+00:00,9.670000076293944,9.734999656677246,9.670000076293944,9.734999656677246,0.0,9.859999656677246,286916.6666666667,10.05150171428397,9.759722323590239,9.827875902502848,10.11387498084939,-0.08294789371175071,-0.08240893580662341,0.06499958038330256,0.03571414947509816,13.999992370576166,47.000110626642396,54.09846317402275,58.484194361138414,-0.0015384967510516656,-0.017163057130436754
2025-04-23 15:08:00+00:00,9.664999961853027,9.664999961853027,9.664999961853027,9.664999961853027,791.0,9.859999656677246,286916.6666666667,10.040741370549883,9.740777851242797,9.812363908155247,10.109408562749923,-0.08579729532912239,-0.08308660771112322,0.06999969482421875,0.040714127676828075,12.28069588379167,42.10538644037118,54.83882876286693,55.25839641562891,-0.008717952630458714,-0.02423016431987035
2025-04-23 15:09:00+00:00,9.664999961853027,9.664999961853027,9.664999961853027,9.664999961853027,0.0,9.859999656677246,286916.6666666667,10.040741370549883,9.725622273364843,9.798329246602655,10.104986586621596,-0.08705198553841242,-0.08387968327658106,0.0,0.040714127676828075,12.28069588379167,42.10538644037118,54.83882876286693,52.0325984701194,-0.00719051846870955,-0.02423016431987035
2025-04-23 15:10:00+00:00,9.664999961853027,9.664999961853027,9.664999961853027,9.664999961853027,0.0,9.859999656677246,286916.6666666667,10.040741370549883,9.71349781106248,9.785631219483644,10.100608610255739,-0.08704295951391394,-0.08451233852404764,0.0,0.040714127676828075,12.28069588379167,42.10538644037118,54.83882876286693,48.8068005246099,-0.00719051846870955,-0.02423016431987035
2025-04-23 15:11:00+00:00,9.664999961853027,9.664999961853027,9.664999961853027,9.664999961853027,0.0,9.859999656677246,286916.6666666667,10.040741370549883,9.70379824122059,9.774142528280729,10.09627419584377,-0.08604394528373582,-0.08481865987598529,0.0,0.031071322304862394,16.0919389032486,24.13812759109774,20.00043596492662,43.09254595067608,-0.00719051846870955,-0.02423016431987035
2025-04-23 15:12:00+00:00,9.664999961853027,9.664999961853027,9.664999961853027,9.664999961853027,0.0,9.859999656677246,286916.6666666667,10.040741370549883,9.696038585347077,9.763747998144758,10.091982909933416,-0.08428068404603017,-0.08471106470999426,0.0,0.02607134410313248,0.0,28.767352356366477,100.0,47.97059797304069,-0.00719051846870955,-0.010747235515962239
2025-04-23 15:13:00+00:00,9.664999961853027,9.664999961853027,9.664999961853027,9.664999961853027,0.0,9.859999656677246,286916.6666666667,10.040741370549883,9.689830860648268,9.754343423259833,10.087734323385352,-0.08193874793049538,-0.08415660135409449,0.0,0.02607134410313248,0.0,28.767352356366477,100.0,52.848649995405296,0.0,-0.010747235515962239
2025-04-23 15:14:00+00:00,9.664999961853027,9.664999961853027,9.664999961853027,9.664999961853027,0.0,9.859999656677246,286916.6666666667,10.040741370549883,9.68486468088922,9.745834522173471,10.083528011330303,-0.07917012279233582,-0.08315930564174276,0.0,0.02607134410313248,0.0,28.767352356366477,100.0,57.7267020177699,0.0,-0.010747235515962239
2025-04-23 15:15:00+00:00,9.664999961853027,9.664999961853027,9.664999961853027,9.664999961853027,0.0,9.859999656677246,286916.6666666667,10.040741370549883,9.680891737081982,9.738135992619144,10.07936355312655,-0.07609874842150077,-0.08174719419769436,0.0,0.02607134410313248,0.0,28.767352356366477,100.0,62.6047540401345,0.0,-0.010747235515962239
2025-04-23 15:16:00+00:00,9.664999961853027,9.664999961853027,9.664999961853027,9.664999961853027,0.0,9.859999656677246,286916.6666666667,10.040741370549883,9.677713382036192,9.731170656355705,10.075240532317858,-0.07282517877573014,-0.07996279111330153,0.0,0.02464273997715592,0.0,24.63780935821509,100.0,67.04919041112505,0.0,-0.010747235515962239
2025-04-23 15:17:00+00:00,9.796500205993652,9.796500205993652,9.59000015258789,9.664999961853027,1719.0,9.859999656677246,286916.6666666667,10.020379459814553,9.67517069799956,9.724868685450689,10.07115853659184,-0.06943049966550241,-0.07785633282374171,0.20650005340576172,0.03939274379185319,23.844174528954124,29.011841850427096,9.776876267748483,65.04911794409763,0.0,-0.008717952630458714
2025-04-23 15:18:00+00:00,9.796500205993652,9.796500205993652,9.59000015258789,9.664999961853027,0.0,9.859999656677246,286916.6666666667,10.020379459814553,9.673136550770254,9.719166902250912,10.067117157738718,-0.06597962002454949,-0.07548099026390327,0.20650005340576172,0.048428467341832135,19.39535793105664,11.799424137013963,24.350013978195058,62.92422871582422,0.0,-0.008717952630458714
2025-04-23 15:19:00+00:00,9.796500205993652,9.796500205993652,9.59000015258789,9.664999961853027,0.0,9.859999656677246,286916.6666666667,10.020379459814553,9.671509232986809,9.714008146022543,10.063115991610502,-0.06252403489246916,-0.07288959918961645,0.20650005340576172,0.058535643986293504,16.046418800265727,9.762052444585901,24.350013978195065,60.79933948755082,0.0,-0.00719051846870955
2025-04-23 15:20:00+00:00,9.796500205993652,9.796500205993652,9.59000015258789,9.664999961853027,0.0,9.859999656677246,286916.6666666667,10.020379459814553,9.670207378760052,9.709340699911161,10.059154638080576,-0.059104143009586,-0.07013250795361035,0.20650005340576172,0.06864282063075487,13.683695534598721,8.324658299600566,24.350013978195058,58.674450259277414,0.0,-0.00719051846870955
2025-04-23 15:21:00+00:00,9.640000343322754,9.6899995803833,9.635000228881836,9.635000228881836,1793.0,9.859999656677246,286916.6666666667,9.999764446596233,9.66316594878441,9.702260655051226,10.054934196198003,-0.05814433014167264,-0.06773487239122282,0.054999351501464844,0.06792851856776647,13.827586379795326,13.144069113864203,2.534205829863885,54.99128902040893,-0.00310395582923928,-0.010272155246232595
2025-04-23 15:22:00+00:00,9.670000076293944,9.670000076293944,9.670000076293944,9.670000076293944,433.0,9.859999656677246,286916.6666666667,9.995351553795883,9.664532774286318,9.699188218979105,10.0511040059502,-0.05393771593431396,-0.06497544109984105,0.0349998474121076,0.06542852946690138,14.355931056382413,16.92137908057808,8.202265517596635,51.66010593146105,0.0005173424170357155,-0.006676896011878042
2025-04-23 15:23:00+00:00,9.670000076293944,9.670000076293944,9.670000076293944,9.670000076293944,0.0,9.859999656677246,286916.6666666667,9.995351553795883,9.665626234687844,9.696408395866232,10.047311927048149,-0.05002726074696007,-0.06198580502926486,0.0,0.06542852946690138,14.355931056382413,16.92137908057808,8.202265517596635,48.32892284251317,0.0005173424170357155,0.0005173424170357155
2025-04-23 15:24:00+00:00,9.670000076293944,9.670000076293944,9.670000076293944,9.670000076293944,0.0,9.859999656677246,286916.6666666667,9.995351553795883,9.666501003009063,9.693893317811728,10.043557580274475,-0.04639340257171831,-0.058867324537755554,0.0,0.06542852946690138,14.355931056382413,16.92137908057808,8.202265517596635,44.99773975356529,0.0005173424170357155,0.0005173424170357155
2025-04-23 15:25:00+00:00,9.670000076293944,9.670000076293944,9.670000076293944,9.670000076293944,0.0,9.859999656677246,286916.6666666667,9.995351553795883,9.66720081766604,9.69161777100051,10.039840590185117,-0.04301766294642384,-0.05569739221948922,0.0,0.06542852946690138,14.355931056382413,16.92137908057808,8.202265517596635,44.155013293041726,0.0005173424170357155,0.0005173424170357155
2025-04-23 15:26:00+00:00,9.670000076293944,9.670000076293944,9.670000076293944,9.670000076293944,0.0,9.859999656677246,286916.6666666667,9.995351553795883,9.66776066939162,9.689558942933218,10.036160585071771,-0.03988262292151745,-0.05253443835989487,0.0,0.06542852946690138,14.355931056382413,16.92137908057808,8.202265517596635,37.59803225858434,0.0036325735942581705,0.0005173424170357155
2025-04-23 15:27:00+00:00,9.600000381469728,9.600000381469728,9.5600004196167,9.5600004196167,2544.0,9.859999656677246,286916.6666666667,9.964589875972885,9.646208619436637,9.677220035950693,10.03142267297769,-0.045746793543820274,-0.05117690939667995,0.10999965667724432,0.07328564780099026,12.81679955532343,25.828423982049085,33.66942466807714,32.86013402058985,-0.011375352203658151,-0.010863894738825985
2025-04-23 15:28:00+00:00,9.600000381469728,9.600000381469728,9.5600004196167,9.5600004196167,0.0,9.859999656677246,286916.6666666667,9.964589875972885,9.628966979472649,9.666056262966503,10.026731904287532,-0.04981989823600763,-0.05090550716454549,0.03999996185302912,0.07614278793334948,12.335869011908436,24.859252393804933,33.66942466807714,28.12223578259536,-0.011375352203658151,-0.010863894738825985
2025-04-23 15:29:00+00:00,9.600000381469728,9.600000381469728,9.5600004196167,9.5600004196167,0.0,9.859999656677246,286916.6666666667,9.964589875972885,9.615173667501459,9.655955706456998,10.022087809912698,-0.0524433289978532,-0.051213071531207036,0.03999996185302912,0.0789999280657087,11.889725486408835,23.960183629897827,33.66942466807714,23.384337544600864,-0.011375352203658151,-0.010863894738825985
2025-04-23 15:30:00+00:00,9.600000381469728,9.600000381469728,9.5600004196167,9.5600004196167,0.0,9.859999656677246,286916.6666666667,9.964589875972885,9.604139017924508,9.646817107710303,10.017489925432141,-0.05390107869448002,-0.051750672963861634,0.03999996185302912,0.08185706819806793,11.47472635929919,23.123877080754973,33.66942466807714,18.64643930660638,-0.011375352203658151,-0.010863894738825985
2025-04-23 15:31:00+00:00,9.600000381469728,9.600000381469728,9.5600004196167,9.5600004196167,0.0,9.859999656677246,286916.6666666667,9.964589875972885,9.595311298262947,9.638548851701389,10.012937791045918,-0.05442893297309581,-0.052286324965708474,0.03999996185302912,0.06996420451572989,0.0,19.397631535645804,100.0,25.090948144624342,-0.011375352203658151,-0.010863894738825985
2025-04-23 15:32:00+00:00,9.600000381469728,9.600000381469728,9.5600004196167,9.5600004196167,0.0,9.859999656677246,286916.6666666667,9.964589875972885,9.588249122533698,9.631068048645705,10.008430951529208,-0.05422222127716125,-0.05267350422799903,0.03999996185302912,0.05807134083339184,0.0,23.370217398188952,100.0,30.494518574753265,0.0,-0.010863894738825985
2025-04-23 15:33:00+00:00,9.600000381469728,9.600000381469728,9.5600004196167,9.5600004196167,0.0,9.859999656677246,286916.6666666667,9.964589875972885,9.582599381950299,9.624299703023896,10.003968956186794,-0.0534423506176438,-0.05282727350592799,0.03999996185302912,0.0461784771510538,0.0,29.389012882373155,100.0,35.898089004882195,0.0,-0.010863894738825985
2025-04-23 15:34:00+00:00,9.600000381469728,9.600000381469728,9.5600004196167,9.5600004196167,0.0,9.859999656677246,286916.6666666667,9.964589875972885,9.578079589483579,9.61817596174702,9.999551358807986,-0.05222231120499998,-0.05270628104574239,0.03999996185302912,0.03428561346871576,0.0,39.58336230789716,100.0,41.30165943501112,0.0,-0.010863894738825985
2025-04-23 15:35:00+00:00,9.600000381469728,9.600000381469728,9.5600004196167,9.5600004196167,0.0,9.859999656677246,286916.6666666667,9.964589875972885,9.574463755510203,9.612635433925085,9.995177717622003,-0.050671313816689434,-0.0522992875999318,0.03999996185302912,0.03321422849382749,0.0,31.18274277205766,100.0,48.26350187573513,0.0,-0.010863894738825985
2025-04-23 15:36:00+00:00,9.545000076293944,9.545000076293944,9.545000076293944,9.545000076293944,493.0,9.859999656677246,286916.6666666667,9.958745445525867,9.568571019666951,9.606193971293548,9.9906983381063,-0.0500753026371612,-0.051854490607377686,0.015000343322755683,0.031785692487445213,0.0,28.089906904177273,100.0,54.8204829101925,-0.001569073500454654,-0.009340960088211392
2025-04-23 15:37:00+00:00,9.545000076293944,9.545000076293944,9.545000076293944,9.545000076293944,0.0,9.859999656677246,286916.6666666667,9.958745445525867,9.56385683099235,9.600365981293587,9.986263529531053,-0.049037683591809156,-0.051291129204263985,0.0,0.031785692487445213,0.0,28.089906904177273,100.0,61.37746394464989,-0.001569073500454654,-0.01292657694041166
2025-04-23 15:38:00+00:00,9.649999618530272,9.649999618530272,9.579999923706056,9.579999923706056,886.0,9.859999656677246,286916.6666666667,9.950065862032826,9.567085449535092,9.59842635676144,9.982221105592497,-0.04487388957648619,-0.05000768127870843,0.10499954223632812,0.039285659790040076,19.09085234326725,29.09092170149595,20.75487994472381,62.27407926087326,0.002091998243882731,-0.009307151176608852
2025-04-23 15:39:00+00:00,9.600000381469728,9.600000381469728,9.600000381469728,9.600000381469728,2544.0,9.859999656677246,286916.6666666667,9.927127303858693,9.57366843592202,9.598576263876515,9.978417914307695,-0.03950479632890058,-0.047907104288746866,0.020000457763671875,0.04071426391601664,18.420982184684526,31.57901781531485,26.316071261260973,63.567922528277855,0.004184096244488789,-0.007238851527604395
2025-04-23 15:40:00+00:00,9.600000381469728,9.600000381469728,9.600000381469728,9.600000381469728,0.0,9.859999656677246,286916.6666666667,9.927127303858693,9.578934825031562,9.598711894123488,9.974652565722243,-0.03484804468103064,-0.04529529236720362,0.0,0.04071426391601664,18.420982184684526,31.57901781531485,26.316071261260973,64.86176579568244,0.004184096244488789,-0.007238851527604395
2025-04-23 15:41:00+00:00,9.600000381469728,9.600000381469728,9.600000381469728,9.600000381469728,0.0,9.859999656677246,286916.6666666667,9.927127303858693,9.583147936319195,9.598834607204083,9.97092468329187,-0.030802463820950976,-0.04239672665795309,0.0,0.03285714558192776,22.825985549761306,15.217531020328403,19.999346052606413,63.88533160886311,0.005762211077649404,-0.007238851527604395
2025-04-23 15:42:00+00:00,9.600000381469728,9.600000381469728,9.600000381469728,9.600000381469728,0.0,9.859999656677246,286916.6666666667,9.927127303858693,9.586518425349302,9.59894563332462,9.967233894219012,-0.027281823958256624,-0.0393737461180138,0.0,0.03000000544956854,24.999886467363062,16.666818043515494,19.99934605260641,62.90889742204378,0.005762211077649404,0.004184096244488789
2025-04-23 15:43:00+00:00,9.600000381469728,9.600000381469728,9.600000381469728,9.600000381469728,0.0,9.859999656677246,286916.6666666667,9.927127303858693,9.589214816573389,9.599046085528915,9.963579829415536,-0.024212583906763285,-0.0363415136757637,0.0,0.027142865317209313,27.63145016174723,18.421217741349345,19.999346052606416,61.93246323522443,0.002087730472124516,0.004184096244488789
2025-04-23 15:44:00+00:00,9.600000381469728,9.600000381469728,9.600000381469728,9.600000381469728,0.0,9.859999656677246,286916.6666666667,9.927127303858693,9.591371929552658,9.59913697085661,9.959962123465827,-0.021531981770616326,-0.03337960729473423,0.0,0.02428572518485009,30.88220444524132,20.588416789149235,19.999346052606413,60.95602904840509,0.0,0.004184096244488789
2025-04-23 15:45:00+00:00,9.440099716186523,9.440099716186523,9.4399995803833,9.4399995803833,740.0,9.859999656677246,286916.6666666667,9.918016753479383,9.561097459718786,9.583981028906772,9.95478836681824,-0.031950012870037625,-0.03309368840979491,0.16000080108642756,0.03285721370152141,22.82593822691542,50.000207320056944,37.31389171985535,56.47844988553762,-0.016666749450892415,-0.012552388490189026
2025-04-23 15:46:00+00:00,9.460000038146973,9.460000038146973,9.460000038146973,9.460000038146973,719.0,9.859999656677246,286916.6666666667,9.909841741232928,9.540877975404424,9.572173315501075,9.949865099866287,-0.03815270712495966,-0.03410549215282786,0.020000457763671875,0.03142867769513875,28.386236792196662,56.818423191547474,33.36928567613001,51.71911314811833,-0.014583368516629336,-0.01046029048958308
2025-04-23 15:47:00+00:00,9.460000038146973,9.460000038146973,9.460000038146973,9.460000038146973,0.0,9.859999656677246,286916.6666666667,9.909841741232928,9.524702387952935,9.561490146229257,9.944990820645199,-0.042577579180813174,-0.03579990955842493,0.0,0.028571537562779525,31.224846935855556,62.500238417670275,33.369285676130005,46.95977641069906,-0.014583368516629336,-0.01046029048958308
2025-04-23 15:48:00+00:00,9.460000038146973,9.460000038146973,9.460000038146973,9.460000038146973,0.0,9.859999656677246,286916.6666666667,9.909841741232928,9.511761917991743,9.551824421649993,9.940165041714868,-0.045559144703991805,-0.03775175658753831,0.0,0.025714397430420304,34.6942559915648,69.44467255999606,33.36928567613001,42.200439673279774,-0.014583368516629336,-0.01046029048958308
2025-04-23 15:49:00+00:00,9.460000038146973,9.460000038146973,9.460000038146973,9.460000038146973,0.0,9.859999656677246,286916.6666666667,9.909841741232928,9.50140954202279,9.543079242268753,9.935387280485337,-0.047375936556010245,-0.0396765925812327,0.0,0.022857257298061078,39.031012141404915,78.12520488994193,33.36928567613001,37.441102935860485,-0.014583368516629336,-0.01046029048958308
2025-04-23 15:50:00+00:00,9.460000038146973,9.460000038146973,9.460000038146973,9.460000038146973,0.0,9.859999656677246,286916.6666666667,9.909841741232928,9.493127641247627,9.535166937114298,9.930657059168537,-0.04825945226279238,-0.04139316451754464,0.0,0.02178580420357853,40.95060612787914,77.04937511139313,30.592181968499965,32.483401647896194,0.002118692653888754,-0.01046029048958308
2025-04-23 15:51:00+00:00,9.460000038146973,9.460000038146973,9.460000038146973,9.460000038146973,0.0,9.859999656677246,286916.6666666667,9.909841741232928,9.486502120627497,9.528008184831695,9.925973904730512,-0.04840170015542533,-0.04279487164512078,0.0,0.02178580420357853,40.95060612787914,77.04937511139313,30.592181968499965,27.525700359931907,0.0,-0.008905189886596054
2025-04-23 15:52:00+00:00,9.34000015258789,9.34000015258789,9.335000038146973,9.335000038146973,567.0,9.859999656677246,286916.6666666667,9.901886044194484,9.456201704131393,9.509626456576006,9.920093567749582,-0.057933071579505224,-0.04582251163199767,0.125,0.023214408329555094,6.123143646068355,100.0,88.46030482005004,32.36180213674093,-0.01321353060210817,-0.02200105148962006
2025-04-23 15:53:00+00:00,9.34000015258789,9.34000015258789,9.335000038146973,9.335000038146973,0.0,9.859999656677246,286916.6666666667,9.901886044194484,9.43196137093451,9.492995369106575,9.914271741584383,-0.06474046432965963,-0.04960610217153007,0.005000114440917969,0.022142955235072672,6.419430259029066,98.38706700301483,87.74993835930076,36.74993550088663,-0.01321353060210817,-0.025574100992717397
2025-04-23 15:54:00+00:00,9.329999923706056,9.329999923706056,9.329999923706056,9.329999923706056,1543.0,9.859999656677246,286916.6666666667,9.881070808567998,9.41156908148882,9.477471993354143,9.908458091655246,-0.06973497815678087,-0.05363187736858023,0.005000114440916192,0.022500106266566684,6.317532689681898,98.412669579144,87.93560491086271,41.15133076157246,-0.013742083923540926,-0.02812504656612691
2025-04-23 15:55:00+00:00,9.329999923706056,9.329999923706056,9.329999923706056,9.329999923706056,0.0,9.859999656677246,286916.6666666667,9.881070808567998,9.395255249932267,9.46342703434004,9.902702288989087,-0.07285335818479055,-0.0574761735318223,0.0,0.022500106266566684,6.317532689681898,98.412669579144,87.93560491086271,46.00392068001934,-0.013742083923540926,-0.02812504656612691
2025-04-23 15:56:00+00:00,9.329999923706056,9.329999923706056,9.329999923706056,9.329999923706056,0.0,9.859999656677246,286916.6666666667,9.881070808567998,9.382204184687026,9.450719690470136,9.897003757991246,-0.07446629572029906,-0.06087419796951765,0.0,0.022500106266566684,6.317532689681898,98.412669579144,87.93560491086271,50.856510598466215,-0.013742083923540926,-0.02812504656612691
2025-04-23 15:57:00+00:00,9.329999923706056,9.329999923706056,9.329999923706056,9.329999923706056,797.0,9.859999656677246,286916.6666666667,9.870901707034426,9.371763332490833,9.439222569825937,9.89136192879438,-0.074881374464983,-0.06367563326861073,0.0,0.022500106266566684,6.317532689681898,98.412669579144,87.93560491086271,55.7091005169131,-0.0005356308966774082,-0.02812504656612691
2025-04-23 15:58:00+00:00,9.329999923706056,9.329999923706056,9.329999923706056,9.329999923706056,0.0,9.859999656677246,286916.6666666667,9.870901707034426,9.363410650733877,9.428820413052614,9.885776237201462,-0.07435322961292457,-0.0658111525374735,0.0,0.022500106266566684,6.317532689681898,98.412669579144,87.93560491086271,60.56169043535998,-0.0005356308966774082,-0.02812504656612691
2025-04-23 15:59:00+00:00,9.329999923706056,9.329999923706056,9.329999923706056,9.329999923706056,0.0,9.859999656677246,286916.6666666667,9.870901707034426,9.356728505328313,9.419408937876751,9.88024612462937,-0.07309211065916976,-0.06726734416181275,0.0,0.011071477617536145,12.838860518058352,96.77413400602961,76.5741998495681,63.365998158910884,0.0,-0.02812504656612691
2025-04-23 16:00:00+00:00,9.329999923706056,9.329999923706056,9.329999923706056,9.329999923706056,0.0,9.859999656677246,286916.6666666667,9.870901707034426,9.351382789003862,9.410893793670018,9.87477103805302,-0.0712710959727918,-0.06806809452400855,0.0,0.009642873491559583,0.0,96.29621780471604,100.0,68.12533489633017,0.0,-0.011652506521910078
2025-04-23 16:01:00+00:00,9.329999923706056,9.329999923706056,9.329999923706056,9.329999923706056,0.0,9.859999656677246,286916.6666666667,9.870901707034426,9.3471062159443,9.403189615578212,9.869350429950066,-0.06903216884274777,-0.0682609093877564,0.0,0.009642873491559583,0.0,96.29621780471604,100.0,72.88467163374945,0.0,-0.013742083923540926
2025-04-23 16:02:00+00:00,9.329999923706056,9.329999923706056,9.329999923706056,9.329999923706056,0.0,9.859999656677246,286916.6666666667,9.870901707034426,9.343684957496652,9.396219168733245,9.863983758246146,-0.06649133227256776,-0.06790699396471868,0.0,0.009642873491559583,0.0,96.29621780471604,100.0,77.64400837116874,0.0,-0.013742083923540926
2025-04-23 16:03:00+00:00,9.329999923706056,9.329999923706056,9.329999923706056,9.329999923706056,0.0,9.859999656677246,286916.6666666667,9.870901707034426,9.340947950738533,9.38991257396875,9.858670486260673,-0.06374291236974905,-0.06707417764572476,0.0,0.009642873491559583,0.0,96.29621780471604,100.0,82.40334510858803,0.0,-0.013742083923540926
2025-04-23 16:04:00+00:00,9.329999923706056,9.329999923706056,9.329999923706056,9.329999923706056,0.0,9.859999656677246,286916.6666666667,9.870901707034426,9.338758345332039,9.384206607277065,9.853410082653165,-0.06086317697728738,-0.06583197751203729,0.0,0.009642873491559583,0.0,96.29621780471604,100.0,87.36104639655231,0.0,-0.013742083923540926
2025-04-23 16:05:00+00:00,9.329999923706056,9.329999923706056,9.329999923706056,9.329999923706056,0.0,9.859999656677246,286916.6666666667,9.870901707034426,9.337006661006843,9.379044065984587,9.84820202137011,-0.05791337657604423,-0.06424825732483869,0.0,0.009642873491559583,0.0,96.29621780471604,100.0,92.3187476845166,0.0,-0.013742083923540926
2025-04-23 16:06:00+00:00,9.329999923706056,9.329999923706056,9.329999923706056,9.329999923706056,0.0,9.859999656677246,286916.6666666667,9.870901707034426,9.335605313546687,9.374373195291392,9.843045781592359,-0.054942297896140246,-0.062387065439099,0.0,0.0007143020629881544,0.0,49.99999999999112,99.99999999999999,93.14301162594161,0.0,-0.013742083923540926
2025-04-23 16:07:00+00:00,9.329999923706056,9.329999923706056,9.329999923706056,9.329999923706056,0.0,9.859999656677246,286916.6666666667,9.870901707034426,9.33448423557856,9.370147169426122,9.837940847683043,-0.05198840664668758,-0.06030733368061671,0.0,0.0003571510314940137,0.0,100.0,100.0,94.01801602884869,0.0,-0.0005356308966774082
2025-04-23 16:08:00+00:00,9.329999923706056,9.329999923706056,9.329999923706056,9.329999923706056,0.0,9.859999656677246,286916.6666666667,9.870901707034426,9.333587373204061,9.366323622214686,9.83288670913601,-0.049081643911113915,-0.058062195726716156,0.0,0.0,,,,,0.0,-0.0005356308966774082
2025-04-23 16:09:00+00:00,9.329999923706056,9.329999923706056,9.329999923706056,9.329999923706056,0.0,9.859999656677246,286916.6666666667,9.870901707034426,9.332869883304461,9.362864222356722,9.827882860524769,-0.04624493072613589,-0.05569874272660011,0.0,0.0,,,,,0.0,0.0
2025-04-23 16:10:00+00:00,9.329999923706056,9.329999923706056,9.329999923706056,9.329999923706056,0.0,9.859999656677246,286916.6666666667,9.870901707034426,9.332295891384781,9.359734289151895,9.822928801451946,-0.04349542688347796,-0.053258079557975686,0.0,0.0,,,,,0.0,0.0
2025-04-23 16:11:00+00:00,9.329999923706056,9.329999923706056,9.329999923706056,9.329999923706056,0.0,9.859999656677246,286916.6666666667,9.870901707034426,9.331836697849036,9.356902444823719,9.818024036499251,-0.040845582825742355,-0.050775580211529024,0.0,0.0,,,,,0.0,0.0
2025-04-23 16:12:00+00:00,9.329999923706056,9.329999923706056,9.329999923706056,9.329999923706056,0.0,9.859999656677246,286916.6666666667,9.870901707034426,9.33146934302044,9.35434029995537,9.813168075177927,-0.038304017449160455,-0.04828126765905531,0.0,0.0,,,,,0.0,0.0
2025-04-23 16:13:00+00:00,9.329999923706056,9.329999923706056,9.329999923706056,9.329999923706056,0.0,9.859999656677246,286916.6666666667,9.870901707034426,9.331175459157564,9.352022168884005,9.8083604318797,-0.035876249505124136,-0.04580026402826908,0.0,0.0,,,,,0.0,0.0
2025-04-23 16:14:00+00:00,9.329999923706056,9.329999923706056,9.329999923706056,9.329999923706056,0.0,9.859999656677246,286916.6666666667,9.870901707034426,9.330940352067262,9.34992481220039,9.803600625828222,-0.03356530596486529,-0.043353272415588326,0.0,0.0,,,,,0.0,0.0
2025-04-23 16:15:00+00:00,9.329999923706056,9.329999923706056,9.329999923706056,9.329999923706056,0.0,9.859999656677246,286916.6666666667,9.870901707034426,9.330752266395022,9.348027203772357,9.798888181030987,-0.03137222705480802,-0.04095706334343227,0.0,0.0,,,,,0.0,0.0
2025-04-23 16:16:00+00:00,9.329999923706056,9.329999923706056,9.329999923706056,9.329999923706056,0.0,9.859999656677246,286916.6666666667,9.870901707034426,9.330601797857229,9.346310319956519,9.794222626231734,-0.029296484580491722,-0.03862494759084416,0.0,0.0,,,,,0.0,0.0
2025-04-23 16:17:00+00:00,9.329999923706056,9.329999923706056,9.329999923706056,9.329999923706056,0.0,9.859999656677246,286916.6666666667,9.870901707034426,9.330481423026995,9.344756948885045,9.789603494863321,-0.027336327546990447,-0.03636722358207342,0.0,0.0,,,,,0.0,0.0
2025-04-23 16:18:00+00:00,9.300000190734863,9.300000190734863,9.300000190734863,9.300000190734863,597.0,9.859999656677246,286916.6666666667,9.863117930908388,9.324385176568569,9.34049440048979,9.784731820195377,-0.027882207970902684,-0.03467022045983928,0.029999732971193183,0.0021428380693709415,0.0,100.0,100.0,,-0.003215405489443657,-0.003215405489443657
2025-04-23 16:19:00+00:00,9.300000190734863,9.300000190734863,9.300000190734863,9.300000190734863,0.0,9.859999656677246,286916.6666666667,9.863117930908388,9.319508179401828,9.336637809084559,9.779908619902239,-0.02799214610392653,-0.03333460558865673,0.0,0.0021428380693709415,0.0,100.0,100.0,,-0.003215405489443657,-0.003215405489443657
2025-04-23 16:20:00+00:00,9.300000190734863,9.300000190734863,9.300000190734863,9.300000190734863,0.0,9.859999656677246,286916.6666666667,9.863117930908388,9.315606581668435,9.333148512098873,9.775133411651817,-0.027759281152833992,-0.03221954070149219,0.0,0.0021428380693709415,0.0,100.0,100.0,,-0.003215405489443657,-0.003215405489443657
2025-04-23 16:21:00+00:00,9.300000190734863,9.300000190734863,9.300000190734863,9.300000190734863,0.0,9.859999656677246,286916.6666666667,9.863117930908388,9.31248530348172,9.329991529111824,9.77040571791135,-0.027260492018468696,-0.03122773096488749,0.0,0.0021428380693709415,0.0,100.0,100.0,,-0.003215405489443657,-0.003215405489443657
2025-04-23 16:22:00+00:00,9.300000190734863,9.300000190734863,9.300000190734863,9.300000190734863,0.0,9.859999656677246,286916.6666666667,9.863117930908388,9.30998828093235,9.32713521117116,9.765725065899645,-0.026559041932928906,-0.030293993158495777,0.0,0.0021428380693709415,0.0,100.0,100.0,,-0.003215405489443657,-0.003215405489443657
2025-04-23 16:23:00+00:00,9.300000190734863,9.300000190734863,9.300000190734863,9.300000190734863,0.0,9.859999656677246,286916.6666666667,9.863117930908388,9.307990662892854,9.32455092351056,9.761090987539797,-0.025706805633056717,-0.029376555653407965,0.0,0.0021428380693709415,0.0,100.0,100.0,,0.0,-0.003215405489443657
2025-04-23 16:24:00+00:00,9.300000190734863,9.300000190734863,9.300000190734863,9.300000190734863,0.0,9.859999656677246,286916.6666666667,9.863117930908388,9.306392568461256,9.322212758484303,9.756503019412385,-0.024746144080360466,-0.028450473338798465,0.0,0.0021428380693709415,0.0,100.0,100.0,,0.0,-0.003215405489443657
2025-04-23 16:25:00+00:00,9.234999656677246,9.234999656677246,9.204999923706056,9.204999923706056,1154.0,9.859999656677246,286916.6666666667,9.84647548229735,9.286114039510217,9.311049631362566,9.751015426420283,-0.03128985055754896,-0.029018348782548567,0.09500026702880682,0.008928571428571428,0.0,100.0,100.0,,-0.010215082266713416,-0.013397642124561515
2025-04-23 16:26:00+00:00,9.234999656677246,9.234999656677246,9.204999923706056,9.204999923706056,0.0,9.859999656677246,286916.6666666667,9.84647548229735,9.269891216349386,9.300949659204804,9.745582436343524,-0.0360601066230668,-0.030426700350652213,0.02999973297118963,0.011071409497942117,0.0,80.64530022334569,100.0,,-0.010215082266713416,-0.013397642124561515
2025-04-23 16:27:00+00:00,9.234999656677246,9.234999656677246,9.204999923706056,9.204999923706056,0.0,9.859999656677246,286916.6666666667,9.84647548229735,9.25691295782072,9.291811589157303,9.74020350586952,-0.039386545345360346,-0.032218669349593845,0.02999973297118963,0.013214247567312805,0.0,67.56776262204619,100.0,,-0.010215082266713416,-0.013397642124561515
2025-04-23 16:28:00+00:00,9.300000190734863,9.300000190734863,9.262499809265137,9.297499656677246,1890.0,9.859999656677246,286916.6666666667,9.823882779219575,9.265030297592027,9.292353309873487,9.735798492444722,-0.034164983932413406,-0.032607932266157755,0.09500026702880682,0.01999998092651329,23.214498588220508,65.17859271596546,47.47440496603346,,-0.00026887462433689,-0.0034834155728374894
2025-04-23 16:29:00+00:00,9.300000190734863,9.300000190734863,9.262499809265137,9.297499656677246,0.0,9.859999656677246,286916.6666666667,9.823882779219575,9.271524169409071,9.292843438140512,9.731437309999276,-0.02968467246719797,-0.0320232803063658,0.03750038146972656,0.02267857960292233,20.47260177278264,57.48025819784195,47.47440496603346,,-0.00026887462433689,-0.0034834155728374894
2025-04-23 16:30:00+00:00,9.337499618530272,9.337499618530272,9.337499618530272,9.337499618530272,494.0,9.859999656677246,286916.6666666667,9.818805689280207,9.284719259233311,9.297096407701442,9.727517531974708,-0.022645289918232336,-0.030147682228739113,0.03999996185302557,0.0255357197352813,28.671311882112615,72.02787129267568,43.05552244183257,,0.014394317862293837,0.0008038258183860059
2025-04-23 16:31:00+00:00,9.337499618530272,9.337499618530272,9.337499618530272,9.337499618530272,0.0,9.859999656677246,286916.6666666667,9.818805689280207,9.295275331092704,9.300944332542283,9.723636756716555,-0.01687203817852101,-0.02749255341869549,0.0,0.0255357197352813,28.671311882112615,72.02787129267568,43.05552244183257,84.36141820112371,0.014394317862293837,0.0008038258183860059
2025-04-23 16:32:00+00:00,9.337499618530272,9.337499618530272,9.337499618530272,9.337499618530272,0.0,9.859999656677246,286916.6666666667,9.818805689280207,9.303720188580218,9.304425788350663,9.719794596137588,-0.012156561309192071,-0.024425354996794806,0.0,0.02339288166591036,31.29766546596072,69.46556438532504,37.87879663612956,79.92418938941869,0.014394317862293837,0.0008038258183860059
2025-04-23 16:33:00+00:00,9.337499618530272,9.337499618530272,9.337499618530272,9.337499618530272,0.0,9.859999656677246,286916.6666666667,9.818805689280207,9.310476074570229,9.307575676939198,9.715990666012143,-0.008323563063317607,-0.02120499661009937,0.0,0.02339288166591036,31.29766546596072,69.46556438532504,37.87879663612956,75.48696057771365,0.0043022278386746216,0.004032196454443859
2025-04-23 16:34:00+00:00,9.3100004196167,9.3100004196167,9.3100004196167,9.3100004196167,606.0,9.859999656677246,286916.6666666667,9.812372775437057,9.310380943579522,9.307806604813246,9.71195096206791,-0.007419314629446561,-0.018447860213968808,0.027499198913572442,0.025357110159736962,28.87326592235237,71.83084213580355,42.65722326704237,71.39104795393096,0.0013445295403131663,0.0010752934061011299
2025-04-23 16:35:00+00:00,9.3100004196167,9.3100004196167,9.3100004196167,9.3100004196167,0.0,9.859999656677246,286916.6666666667,9.812372775437057,9.310304838786958,9.308015539556433,9.707951454182822,-0.00662630728519531,-0.01608354962821411,0.0,0.025357110159736962,28.87326592235237,71.83084213580355,42.65722326704237,67.29513533014828,-0.002945028116413506,0.0010752934061011299
2025-04-23 16:36:00+00:00,9.3100004196167,9.3100004196167,9.3100004196167,9.3100004196167,0.0,9.859999656677246,286916.6666666667,9.812372775437057,9.310243954952908,9.308204575752649,9.703991742396095,-0.00592949176151869,-0.014052738054875025,0.0,0.025357110159736962,28.87326592235237,71.83084213580355,42.65722326704237,63.199222706365596,-0.002945028116413506,0.0010752934061011299
2025-04-23 16:37:00+00:00,9.3100004196167,9.3100004196167,9.3100004196167,9.3100004196167,0.0,9.859999656677246,286916.6666666667,9.812372775437057,9.310195247885666,9.308375608501606,9.700071430726648,-0.005315981117483659,-0.012305386667396752,0.0,0.025357110159736962,28.87326592235237,71.83084213580355,42.65722326704237,59.1033100825829,-0.002945028116413506,0.0010752934061011299
2025-04-23 16:38:00+00:00,9.3100004196167,9.3100004196167,9.3100004196167,9.3100004196167,432.0,9.859999656677246,286916.6666666667,9.80788536031156,9.310156282231873,9.30853035241733,9.696190127133514,-0.00477472940358048,-0.0107992552146335,0.0,0.025357110159736962,28.87326592235237,71.83084213580355,42.65722326704237,55.00739745880021,-0.002945028116413506,0.0010752934061011299
2025-04-23 16:39:00+00:00,9.3100004196167,9.3100004196167,9.3100004196167,9.3100004196167,0.0,9.859999656677246,286916.6666666667,9.80788536031156,9.310125109708839,9.30867035881727,9.69234744347663,-0.004296258922277474,-0.009498655956162295,0.0,0.018571376800536474,39.4231721496986,61.53820760080554,21.904450499545113,49.42914392305344,0.0,0.0010752934061011299
2025-04-23 16:40:00+00:00,9.3100004196167,9.3100004196167,9.3100004196167,9.3100004196167,0.0,9.859999656677246,286916.6666666667,9.80788536031156,9.310100171690411,9.30879703127436,9.688542995478024,-0.003872428671430228,-0.008373410499215882,0.0,0.016428538731165787,44.565289502927975,69.56487486109482,21.90445049954511,43.85089038730666,0.0,0.011406898075059235
2025-04-23 16:41:00+00:00,9.3100004196167,9.3100004196167,9.3100004196167,9.3100004196167,0.0,9.859999656677246,286916.6666666667,9.80788536031156,9.310080221275669,9.308911639687915,9.684776402683383,-0.0034962376923175498,-0.007397975937836216,0.0,0.0142857006617951,51.250029802351285,79.99952316238651,21.904450499545103,38.27263685155988,0.0,0.011406898075059235
2025-04-23 16:42:00+00:00,9.3100004196167,9.3100004196167,9.3100004196167,9.3100004196167,0.0,9.859999656677246,286916.6666666667,9.80788536031156,9.310064260943875,9.309015333014466,9.681047288424013,-0.0031616580056343935,-0.006550712351395852,0.0,0.007499967302594612,35.71389645776519,97.61852861035415,46.428790386855994,38.197950095904346,0.0,0.011406898075059235
2025-04-23 16:43:00+00:00,9.3100004196167,9.3100004196167,9.3100004196167,9.3100004196167,0.0,9.859999656677246,286916.6666666667,9.80788536031156,9.31005149267844,9.309109150786108,9.677355279779164,-0.002863492632812381,-0.005813268407679158,0.0,0.0048213686261855725,55.555398570177466,151.85227047953026,46.428790386855994,38.12326334024881,0.0,0.0013445295403131663
2025-04-23 16:44:00+00:00,9.3100004196167,9.3100004196167,9.3100004196167,9.3100004196167,0.0,9.859999656677246,286916.6666666667,9.80788536031156,9.310041278066093,9.30919403353188,9.673700007538741,-0.0025972548890607072,-0.005170065703955467,0.0,0.001964228493826603,0.0,100.0,100.0,42.19072602297506,0.0,0.0013445295403131663
2025-04-23 16:45:00+00:00,9.3100004196167,9.3100004196167,9.3100004196167,9.3100004196167,0.0,9.859999656677246,286916.6666666667,9.80788536031156,9.310033106376215,9.309270832206625,9.670081106166382,-0.002359065717870479,-0.00460786570673847,0.0,0.001964228493826603,0.0,100.0,100.0,46.25818870570131,0.0,-0.002945028116413506
2025-04-23 16:46:00+00:00,9.3100004196167,9.3100004196167,9.3100004196167,9.3100004196167,0.0,9.859999656677246,286916.6666666667,9.80788536031156,9.310026569024313,9.30934031672187,9.666498213762903,-0.0021455663305527395,-0.004115405831501324,0.0,0.001964228493826603,0.0,100.0,100.0,50.69541751740634,0.0,-0.002945028116413506
2025-04-23 16:47:00+00:00,9.3100004196167,9.3100004196167,9.3100004196167,9.3100004196167,0.0,9.859999656677246,286916.6666666667,9.80788536031156,9.310021339142791,9.309403183664235,9.662950972030105,-0.001953843832447788,-0.0036830934316906174,0.0,0.001964228493826603,0.0,100.0,100.0,55.13264632911137,0.0,-0.002945028116413506
2025-04-23 16:48:00+00:00,9.3100004196167,9.3100004196167,9.3100004196167,9.3100004196167,0.0,9.859999656677246,286916.6666666667,9.80788536031156,9.310017155237572,9.309460063278756,9.659439026234946,-0.0017813678714553305,-0.00330274831964356,0.0,0.0,,,,,0.0,-0.002945028116413506
2025-04-23 16:49:00+00:00,9.3100004196167,9.3100004196167,9.3100004196167,9.3100004196167,0.0,9.859999656677246,286916.6666666667,9.80788536031156,9.310013808113398,9.309511525787132,9.655962025174068,-0.0016259366442223921,-0.0029673859845593268,0.0,0.0,,,,,0.0,0.0
2025-04-23 16:50:00+00:00,9.3100004196167,9.3100004196167,9.3100004196167,9.3100004196167,0.0,9.859999656677246,286916.6666666667,9.80788536031156,9.31001113041406,9.309558087104234,9.652519621138671,-0.0014856308491619785,-0.0026710349574798576,0.0,0.0,,,,,0.0,0.0
2025-04-23 16:51:00+00:00,9.3100004196167,9.3100004196167,9.3100004196167,9.3100004196167,0.0,9.859999656677246,286916.6666666667,9.80788536031156,9.310008988254587,9.309600214010183,9.649111469879745,-0.001358774390364914,-0.002408582844056869,0.0,0.0,,,,,0.0,0.0
2025-04-23 16:52:00+00:00,9.3100004196167,9.3100004196167,9.3100004196167,9.3100004196167,0.0,9.859999656677246,286916.6666666667,9.80788536031156,9.31000727452701,9.309638328829852,9.645737230573646,-0.0012439008184816913,-0.0021756464389418332,0.0,0.0,,,,,0.0,0.0
2025-04-23 16:53:00+00:00,9.3100004196167,9.3100004196167,9.3100004196167,9.3100004196167,0.0,9.859999656677246,286916.6666666667,9.80788536031156,9.310005903544948,9.309672813666696,9.642396565788005,-0.0011397246488478174,-0.0019684620809230302,0.0,0.0,,,,,0.0,0.0
2025-04-23 16:54:00+00:00,9.3100004196167,9.3100004196167,9.3100004196167,9.3100004196167,0.0,9.859999656677246,286916.6666666667,9.80788536031156,9.310004806759299,9.309704014233363,9.639089141447991,-0.001045116827638637,-0.0017837930302661517,0.0,0.0,,,,,0.0,0.0
2025-04-23 16:55:00+00:00,9.3100004196167,9.3100004196167,9.3100004196167,9.3100004196167,0.0,9.859999656677246,286916.6666666667,9.80788536031156,9.31000392933078,9.309732243317491,9.635814626802905,-0.0009590837275155195,-0.0016188511697160254,0.0,0.0,,,,,0.0,0.0
2025-04-23 16:56:00+00:00,9.369999885559082,9.399999618530272,9.335000038146973,9.335000038146973,1243.0,9.859999656677246,286916.6666666667,9.796578966676817,9.315003151094018,9.312138699967917,9.63282144681628,0.0011135224157658996,-0.0010723764526196404,0.08999919891357244,0.006428514208112317,100.0,27.777601169851454,56.521955467097236,,0.0026852435449518097,0.0026852435449518097
2025-04-23 16:57:00+00:00,9.369999885559082,9.399999618530272,9.335000038146973,9.335000038146973,0.0,9.859999656677246,286916.6666666667,9.796578966676817,9.31900252850461,9.314315970270684,9.629858049715093,0.002724669423571413,-0.0003129672773814297,0.064999580383299,0.01107134137834796,58.0644565859423,16.128913171884598,56.52195546709723,,0.0026852435449518097,0.0026852435449518097
2025-04-23 16:58:00+00:00,9.34000015258789,9.420000076293944,9.34000015258789,9.420000076293944,2675.0,9.859999656677246,286916.6666666667,9.775946580206039,9.339202038062478,9.32438112322528,9.627769910676076,0.0107365435476936,0.0018969348876335763,0.08500003814697088,0.017142772674560165,45.83341611797037,12.49995032921822,57.14305177111662,,0.011815215007452418,0.011815215007452418
2025-04-23 16:59:00+00:00,9.34000015258789,9.420000076293944,9.34000015258789,9.420000076293944,0.0,9.859999656677246,286916.6666666667,9.775946580206039,9.355361645708772,9.3334876901842,9.625702549139934,0.016891299131577497,0.004895807736422361,0.07999992370605291,0.02285705293927823,34.37502793978736,9.37495343368829,57.14305177111662,,0.011815215007452418,0.011815215007452418
2025-04-23 17:00:00+00:00,9.385000228881836,9.385000228881836,9.385000228881836,9.385000228881836,1509.0,9.859999656677246,286916.6666666667,9.764979150495158,9.361289362343385,9.338393646250642,9.623307501177168,0.018728897027596503,0.007662425594657189,0.0349998474121076,0.02535704204014306,30.98594197876146,21.126790832870455,18.91889105399281,,0.008055833070330198,0.008055833070330198
2025-04-23 17:01:00+00:00,9.385000228881836,9.385000228881836,9.385000228881836,9.385000228881836,0.0,9.859999656677246,286916.6666666667,9.764979150495158,9.366031535651075,9.342832368405995,9.620936284537414,0.019955175754931886,0.01012097562671213,0.0,0.02535704204014306,30.98594197876146,21.126790832870455,18.91889105399281,,0.005356206805628316,0.008055833070330198
2025-04-23 17:02:00+00:00,9.385000228881836,9.385000228881836,9.385000228881836,9.385000228881836,0.0,9.859999656677246,286916.6666666667,9.764979150495158,9.369825274297227,9.34684835511798,9.618588662093082,0.02068852603127702,0.012234485707625108,0.0,0.02535704204014306,30.98594197876146,21.126790832870455,18.91889105399281,,0.005356206805628316,0.008055833070330198
2025-04-23 17:03:00+00:00,9.385000228881836,9.385000228881836,9.385000228881836,9.385000228881836,0.0,9.859999656677246,286916.6666666667,9.764979150495158,9.37286026521415,9.350481866905016,9.616264399076055,0.021027321535180832,0.013993052873136253,0.0,0.02535704204014306,30.98594197876146,21.126790832870455,18.91889105399281,,-0.0037154827100466248,0.008055833070330198
2025-04-23 17:04:00+00:00,9.460000038146973,9.470000267028809,9.460000038146973,9.470000267028809,335.0,9.859999656677246,286916.6666666667,9.763132783415504,9.392288265577083,9.36186457167871,9.614809034578071,0.027833761835887927,0.01676119466568659,0.08500003814697266,0.03142847333635539,44.31825078244936,34.09092879498608,13.04352633528447,,0.005307875831200182,0.01718580453283125
2025-04-23 17:05:00+00:00,9.460000038146973,9.470000267028809,9.460000038146973,9.470000267028809,0.0,9.859999656677246,286916.6666666667,9.763132783415504,9.40783066586743,9.3721632093311,9.613368151318873,0.03284924911609011,0.019978805555767292,0.010000228881835938,0.032142775399343675,43.33337571896676,33.33333333333399,13.043526335284465,,0.00905700970420753,0.01718580453283125
2025-04-23 17:06:00+00:00,9.460000038146973,9.470000267028809,9.460000038146973,9.470000267028809,0.0,9.859999656677246,286916.6666666667,9.763132783415504,9.420264586099705,9.381481024349931,9.611941605206534,0.03640441152518292,0.02326392674965042,0.010000228881835938,0.032857077462331956,42.39132237573227,32.608677624268786,13.043526335284467,,0.00905700970420753,0.01718580453283125
2025-04-23 17:07:00+00:00,9.460000038146973,9.470000267028809,9.460000038146973,9.470000267028809,0.0,9.859999656677246,286916.6666666667,9.763132783415504,9.430211722285527,9.389911428414587,9.610529253582873,0.03877493009042432,0.0263661274178052,0.010000228881835938,0.03357137952532024,41.48935738489986,31.91485907919627,13.043526335284465,,0.00905700970420753,0.01718580453283125
2025-04-23 17:08:00+00:00,9.460000038146973,9.470000267028809,9.460000038146973,9.470000267028809,0.0,9.859999656677246,286916.6666666667,9.763132783415504,9.438169431234183,9.397538936854037,9.609130955209201,0.040190294435380025,0.02913096082132017,0.010000228881835938,0.03428568158830852,40.62497516470804,31.249950329415896,13.043526335284465,,0.00905700970420753,0.01718580453283125
2025-04-23 17:09:00+00:00,9.460000038146973,9.470000267028809,9.460000038146973,9.470000267028809,0.0,9.859999656677246,286916.6666666667,9.763132783415504,9.44453559839311,9.4044400159183,9.607746570252182,0.0408411890710525,0.031473006471266635,0.010000228881835938,0.0349999836512968,39.795874675459,30.612181346122213,13.043526335284463,27.233338336007552,0.0,0.01718580453283125
2025-04-23 17:10:00+00:00,9.510000228881836,9.510000228881836,9.510000228881836,9.510000228881836,1012.0,9.859999656677246,286916.6666666667,9.758486717340308,9.457628524490856,9.414493369533876,9.606773969840537,0.044076602747434634,0.03399372572650024,0.039999961853027344,0.031428609575543574,32.95460949251637,39.77272234673019,9.374897554724397,23.865691342266636,0.004223860689032133,0.021482255666039007
2025-04-23 17:11:00+00:00,9.510000228881836,9.510000228881836,9.510000228881836,9.510000228881836,0.0,9.859999656677246,286916.6666666667,9.758486717340308,9.468102865369053,9.423589260900348,9.605811047044929,0.04610917354520083,0.03641681529024036,0.0,0.026785782405307934,38.66669040250095,46.66659884999952,9.374897554724404,20.49804434852572,0.004223860689032133,0.018746672739125225
2025-04-23 17:12:00+00:00,9.510000228881836,9.510000228881836,9.510000228881836,9.510000228881836,0.0,9.859999656677246,286916.6666666667,9.758486717340308,9.47648233807161,9.431818876898586,9.60485770557067,0.047176182876269124,0.038568688807446114,0.0,0.020714351109095728,43.10331219910079,58.620530898951024,15.254259205379366,17.50598773668734,0.004223860689032133,0.018746672739125225
2025-04-23 17:13:00+00:00,9.510000228881836,9.510000228881836,9.510000228881836,9.510000228881836,0.0,9.859999656677246,286916.6666666667,9.758486717340308,9.483185916233657,9.439264719944608,9.603913850081229,0.04747453853022421,0.040349858752001734,0.0,0.015000070844377664,59.523528396654484,80.95203494972866,15.254259205379366,14.51393112484897,0.004223860689032133,0.00955415624829814
2025-04-23 17:14:00+00:00,9.510000228881836,9.510000228881836,9.510000228881836,9.510000228881836,0.0,9.859999656677246,286916.6666666667,9.758486717340308,9.488548778763294,9.446001435081486,9.602979386188698,0.04716727257785003,0.04171334151717139,0.0,0.012500081743512834,71.4281043258384,71.4281043258384,0.0,13.162581763849484,0.004223860689032133,0.00955415624829814
2025-04-23 17:15:00+00:00,9.510000228881836,9.510000228881836,9.510000228881836,9.510000228881836,0.0,9.859999656677246,286916.6666666667,9.758486717340308,9.492839068787003,9.452096558300568,9.602054220444352,0.04638901836926301,0.042648476887589715,0.0,0.012500081743512834,71.4281043258384,71.4281043258384,0.0,11.811232402849997,0.0,0.013319125940489451
2025-04-23 17:16:00+00:00,9.510000228881836,9.510000228881836,9.510000228881836,9.510000228881836,0.0,9.859999656677246,286916.6666666667,9.758486717340308,9.49627130080597,9.45761119359402,9.601138260329302,0.04525062526145973,0.04316890656236372,0.0,0.012500081743512834,71.4281043258384,71.4281043258384,0.0,10.459883041850512,0.0,0.013319125940489451
2025-04-23 17:17:00+00:00,9.510000228881836,9.510000228881836,9.510000228881836,9.510000228881836,0.0,9.859999656677246,286916.6666666667,9.758486717340308,9.499017086421144,9.462600625526193,9.600231414245247,0.04384304518826454,0.04330373428754389,0.0,0.012500081743512834,71.4281043258384,71.4281043258384,0.0,9.108533680851023,0.0,0.013319125940489451
2025-04-23 17:18:00+00:00,9.510000228881836,9.510000228881836,9.510000228881836,9.510000228881836,0.0,9.859999656677246,286916.6666666667,9.758486717340308,9.501213714913282,9.467114873464824,9.599333591505312,0.04224060444501099,0.04309110831903731,0.0,0.006428650447300502,44.443855763830754,55.55508461106461,11.11134658585174,8.970520841605829,0.0,0.013319125940489451
2025-04-23 17:19:00+00:00,9.460000038146973,9.460000038146973,9.460000038146973,9.460000038146973,885.0,9.859999656677246,286916.6666666667,9.753771414225708,9.49297097956002,9.46643727010122,9.597947187989309,0.036515137314665935,0.04177591411816304,0.05000019073486328,0.009285790579659598,30.76894861938437,76.92273834326124,42.85733748407708,11.100078780805301,-0.005257643483857488,-0.001055990348453606
2025-04-23 17:20:00+00:00,9.460000038146973,9.460000038146973,9.460000038146973,9.460000038146973,0.0,9.859999656677246,286916.6666666667,9.753771414225708,9.486376791277412,9.465824200391292,9.596574579533167,0.03161324554799094,0.03974338040412862,0.0,0.008571488516671317,33.33306842565366,83.33306842565366,42.857337484077085,13.229636720004773,-0.005257643483857488,-0.001055990348453606
2025-04-23 17:21:00+00:00,9.460000038146973,9.460000038146973,9.460000038146973,9.460000038146973,0.0,9.859999656677246,286916.6666666667,9.753771414225708,9.481101440651324,9.465269518272788,9.595215628872607,0.027412467149051878,0.03727719775311328,0.0,0.007857186453683036,36.3633999167707,90.90893327784714,42.85733748407709,15.359194659204247,-0.005257643483857488,-0.001055990348453606
2025-04-23 17:22:00+00:00,9.460000038146973,9.460000038146973,9.460000038146973,9.460000038146973,0.0,9.859999656677246,286916.6666666667,9.753771414225708,9.476881160150455,9.464767663022709,9.593870200109167,0.023808866213711255,0.03458353144523288,0.0,0.007142884390694755,39.999809265864315,100.0,42.85733748407708,17.488752598403718,-0.005257643483857488,-0.001055990348453606
2025-04-23 17:23:00+00:00,9.460000038146973,9.460000038146973,9.460000038146973,9.460000038146973,0.0,9.859999656677246,286916.6666666667,9.753771414225708,9.473504935749759,9.464313603510735,9.592538158696609,0.020714206036863914,0.031809666363559086,0.0,0.0064285823277064735,44.44432670707413,111.11134658585173,42.85733748407709,19.61831053760319,-0.005257643483857488,-0.001055990348453606
2025-04-23 17:24:00+00:00,9.460000038146973,9.460000038146973,9.460000038146973,9.460000038146973,0.0,9.859999656677246,286916.6666666667,9.753771414225708,9.470803956229203,9.463902787761807,9.591219371427458,0.018053555402161692,0.02905844417127961,0.0,0.0035714421953473774,0.0,100.0,100.0,26.091532140837163,0.0,-0.001055990348453606
2025-04-23 17:25:00+00:00,9.460000038146973,9.460000038146973,9.460000038146973,9.460000038146973,0.0,9.859999656677246,286916.6666666667,9.753771414225708,9.468643172612758,9.4635310973223,9.589913706419692,0.015763261538481288,0.02639940764471995,0.0,0.0035714421953473774,0.0,100.0,100.0,32.56475374407113,0.0,-0.005257643483857488
2025-04-23 17:26:00+00:00,9.460000038146973,9.460000038146973,9.460000038146973,9.460000038146973,0.0,9.859999656677246,286916.6666666667,9.753771414225708,9.466914545719602,9.463194805972268,9.588621033103545,0.013789233451113603,0.023877372805998682,0.0,0.0035714421953473774,0.0,100.0,100.0,38.61802094368689,0.0,-0.005257643483857488
2025-04-23 17:27:00+00:00,9.460000038146973,9.460000038146973,9.460000038146973,9.460000038146973,0.0,9.859999656677246,286916.6666666667,9.753771414225708,9.465531644205077,9.462890542369859,9.587341222208455,0.012085487987208765,0.0215189958422407,0.0,0.0035714421953473774,0.0,100.0,100.0,44.67128814330266,0.0,-0.005257643483857488
2025-04-23 17:28:00+00:00,9.460000038146973,9.460000038146973,9.460000038146973,9.460000038146973,0.0,9.859999656677246,286916.6666666667,9.753771414225708,9.464425322993456,9.462615256253393,9.586074145750132,0.01061291831620359,0.01933778033703328,0.0,0.0035714421953473774,0.0,100.0,100.0,51.81414528615981,0.0,-0.005257643483857488
2025-04-23 17:29:00+00:00,9.460000038146973,9.460000038146973,9.460000038146973,9.460000038146973,0.0,9.859999656677246,286916.6666666667,9.753771414225708,9.463540266024161,9.462366187862305,9.584819677017762,0.009338250701413031,0.01733787440990923,0.0,0.0035714421953473774,0.0,100.0,100.0,58.957002429016946,0.0,-0.005257643483857488
2025-04-23 17:30:00+00:00,9.460000038146973,9.460000038146973,9.460000038146973,9.460000038146973,0.0,9.859999656677246,286916.6666666667,9.753771414225708,9.462832220448725,9.462140840270369,9.583577690561336,0.008233160681832885,0.015516931664293961,0.0,0.0035714421953473774,0.0,100.0,100.0,66.09985957187409,0.0,-0.005257643483857488
2025-04-23 17:31:00+00:00,9.460000038146973,9.460000038146973,9.460000038146973,9.460000038146973,0.0,9.859999656677246,286916.6666666667,9.753771414225708,9.462265783988375,9.461936954353856,9.582348062179104,0.0072735242199755135,0.013868250175430271,0.0,0.0035714421953473774,0.0,100.0,100.0,73.24271671473123,0.0,-0.005257643483857488
2025-04-23 17:32:00+00:00,9.460000038146973,9.460000038146973,9.460000038146973,9.460000038146973,0.0,9.859999656677246,286916.6666666667,9.753771414225708,9.461812634820095,9.461752486143677,9.581130668905153,0.006438783126270664,0.012382356765598351,0.0,0.0035714421953473774,0.0,100.0,100.0,79.59190624431324,0.0,-0.005257643483857488
2025-04-23 17:33:00+00:00,9.460000038146973,9.460000038146973,9.460000038146973,9.460000038146973,0.0,9.859999656677246,286916.6666666667,9.753771414225708,9.461450115485471,9.461585586334468,9.579925388997111,0.0057114072479969025,0.011048166862078062,0.0,0.0,,,,,0.0,-0.005257643483857488
2025-04-23 17:34:00+00:00,9.460000038146973,9.460000038146973,9.460000038146973,9.460000038146973,0.0,9.859999656677246,286916.6666666667,9.753771414225708,9.461160100017771,9.461434581745184,9.578732101923976,0.005076438599800781,0.009853821209622606,0.0,0.0,,,,,0.0,0.0
2025-04-23 17:35:00+00:00,9.460000038146973,9.460000038146973,9.460000038146973,9.460000038146973,0.0,9.859999656677246,286916.6666666667,9.753771414225708,9.460928087643612,9.461297958545355,9.577550688354055,0.004521104888537408,0.008787277945405568,0.0,0.0,,,,,0.0,0.0
2025-04-23 17:36:00+00:00,9.449999809265137,9.449999809265137,9.449999809265137,9.449999809265137,719.0,9.859999656677246,286916.6666666667,9.74992213797103,9.458742431967918,9.460221944328191,9.576281525378047,0.003236752755082506,0.007677172907340955,0.010000228881835938,0.0007143020629882812,0.0,100.0,100.0,,-0.001057106642865846,-0.001057106642865846
2025-04-23 17:37:00+00:00,9.449999809265137,9.449999809265137,9.449999809265137,9.449999809265137,0.0,9.859999656677246,286916.6666666667,9.74992213797103,9.456993907427362,9.459248407655519,9.57502499088936,0.0021936078897812905,0.006580459903829022,0.0,0.0007143020629882812,0.0,100.0,100.0,,-0.001057106642865846,-0.001057106642865846
2025-04-23 17:38:00+00:00,9.449999809265137,9.449999809265137,9.449999809265137,9.449999809265137,0.0,9.859999656677246,286916.6666666667,9.74992213797103,9.455595087794917,9.458367588761197,9.573780959231408,0.0013513307686494613,0.005534634076793111,0.0,0.0007143020629882812,0.0,100.0,100.0,,-0.001057106642865846,-0.001057106642865846
2025-04-23 17:39:00+00:00,9.449999809265137,9.449999809265137,9.449999809265137,9.449999809265137,0.0,9.859999656677246,286916.6666666667,9.74992213797103,9.45447603208896,9.45757065738062,9.572549305997914,0.0006760272604307005,0.004562912713520629,0.0,0.0007143020629882812,0.0,100.0,100.0,,-0.001057106642865846,-0.001057106642865846
2025-04-23 17:40:00+00:00,9.449999809265137,9.449999809265137,9.449999809265137,9.449999809265137,0.0,9.859999656677246,286916.6666666667,9.74992213797103,9.453580787524196,9.456849624226765,9.571329908020473,0.00013923930087855751,0.003678178030992215,0.0,0.0007143020629882812,0.0,100.0,100.0,,-0.001057106642865846,-0.001057106642865846
2025-04-23 17:41:00+00:00,9.449999809265137,9.449999809265137,9.449999809265137,9.449999809265137,0.0,9.859999656677246,286916.6666666667,9.74992213797103,9.452864591872384,9.456197260897085,9.57012264335624,-0.0002829078389510187,0.0028859608570035687,0.0,0.0007143020629882812,0.0,100.0,100.0,,0.0,-0.001057106642865846
2025-04-23 17:42:00+00:00,9.449999809265137,9.449999809265137,9.449999809265137,9.449999809265137,0.0,9.859999656677246,286916.6666666667,9.74992213797103,9.452291635350935,9.455607027408327,9.568927391275732,-0.0006104258791133077,0.0021866835097801933,0.0,0.0007143020629882812,0.0,100.0,100.0,,0.0,-0.001057106642865846
2025-04-23 17:43:00+00:00,9.449999809265137,9.449999809265137,9.449999809265137,9.449999809265137,0.0,9.859999656677246,286916.6666666667,9.74992213797103,9.451833270133775,9.455073006632785,9.56774403225075,-0.0008600719119566946,0.0015773324254328158,0.0,0.0007143020629882812,0.0,100.0,100.0,,0.0,-0.001057106642865846
2025-04-23 17:44:00+00:00,9.449999809265137,9.449999809265137,9.449999809265137,9.449999809265137,0.0,9.859999656677246,286916.6666666667,9.74992213797103,9.451466577960048,9.454589844978724,9.566572447942436,-0.0010458621438189653,0.0010526935115824597,0.0,0.0007143020629882812,0.0,100.0,100.0,,0.0,-0.001057106642865846
2025-04-23 17:45:00+00:00,9.449999809265137,9.449999809265137,9.449999809265137,9.449999809265137,0.0,9.859999656677246,286916.6666666667,9.74992213797103,9.451173224221066,9.454152698720288,9.565412521189428,-0.0011795056343810728,0.0006062536823897533,0.0,0.0007143020629882812,0.0,100.0,100.0,,0.0,-0.001057106642865846
2025-04-23 17:46:00+00:00,9.449999809265137,9.449999809265137,9.449999809265137,9.449999809265137,0.0,9.859999656677246,286916.6666666667,9.74992213797103,9.45093854122988,9.453757185438844,9.56426413599615,-0.001270770413203337,0.00023084886327113526,0.0,0.0007143020629882812,0.0,100.0,100.0,,0.0,-0.001057106642865846
2025-04-23 17:47:00+00:00,9.449999809265137,9.449999809265137,9.449999809265137,9.449999809265137,0.0,9.859999656677246,286916.6666666667,9.74992213797103,9.450750794836932,9.453399340088968,9.563127177521215,-0.0013277924431864818,-8.087939802038814e-05,0.0,0.0007143020629882812,0.0,100.0,100.0,,0.0,-0.001057106642865846
2025-04-23 17:48:00+00:00,9.449999809265137,9.449999809265137,9.449999809265137,9.449999809265137,0.0,9.859999656677246,286916.6666666667,9.74992213797103,9.450600597722573,9.453075575248603,9.562001532065931,-0.001357336284987909,-0.00033617077541389233,0.0,0.0007143020629882812,0.0,100.0,100.0,,0.0,-0.001057106642865846
2025-04-23 17:49:00+00:00,9.460000038146973,9.460000038146973,9.460000038146973,9.460000038146973,101.0,9.859999656677246,286916.6666666667,9.749406988397086,9.452480485807454,9.453735047905589,9.560986591827932,-0.0005672758937169675,-0.0003823917990745074,0.010000228881835938,0.0014286041259765625,50.0,100.0,33.333333333333336,95.23809523809523,0.001058225299859883,0.0
2025-04-23 17:50:00+00:00,9.460000038146973,9.460000038146973,9.460000038146973,9.460000038146973,1145.0,9.859999656677246,286916.6666666667,9.743692415164526,9.45398439627536,9.454331713642862,9.559981750497773,5.818197287688065e-05,-0.0002942770446842298,0.0,0.0007143020629882812,100.0,100.0,0.0,88.09523809523809,0.001058225299859883,0.0
2025-04-23 17:51:00+00:00,9.460000038146973,9.460000038146973,9.460000038146973,9.460000038146973,0.0,9.859999656677246,286916.6666666667,9.743692415164526,9.455187524649682,9.454871554071826,9.55898690758881,0.0005475500225102792,-0.00012591163124532802,0.0,0.0007143020629882812,100.0,100.0,0.0,80.95238095238095,0.001058225299859883,0.001058225299859883
2025-04-23 17:52:00+00:00,9.460000038146973,9.460000038146973,9.460000038146973,9.460000038146973,0.0,9.859999656677246,286916.6666666667,9.743692415164526,9.45615002734914,9.455359981126602,9.558001963614265,0.0009247181523086567,8.421432546546892e-05,0.0,0.0007143020629882812,100.0,100.0,0.0,73.80952380952381,0.001058225299859883,0.001058225299859883
2025-04-23 17:53:00+00:00,9.470000267028809,9.470000267028809,9.470000267028809,9.470000267028809,965.0,9.859999656677246,286916.6666666667,9.739212280089363,9.458920075285075,9.45675429406967,9.55712632484227,0.0020074212058052154,0.0004688557015334182,0.010000228881835938,0.0014286041259765625,100.0,100.0,0.0,66.66666666666666,0.002116450599719766,0.002116450599719766
2025-04-23 17:54:00+00:00,9.460000038146973,9.460000038146973,9.460000038146973,9.460000038146973,223.0,9.859999656677246,286916.6666666667,9.73816007341504,9.459136067857456,9.457063412553222,9.556159894128884,0.0020350771778741006,0.0007820999968015548,0.010000228881835938,0.0021429061889648438,66.66666666666667,100.0,19.999999999999996,60.95238095238095,0.0,0.001058225299859883
2025-04-23 17:55:00+00:00,9.460000038146973,9.460000038146973,9.460000038146973,9.460000038146973,0.0,9.859999656677246,286916.6666666667,9.73816007341504,9.45930886191536,9.457343091181198,9.555203079641501,0.0020335531995474554,0.001032390637350735,0.0,0.0021429061889648438,66.66666666666667,100.0,19.999999999999996,55.238095238095234,0.0,0.001058225299859883
2025-04-23 17:56:00+00:00,9.460000038146973,9.460000038146973,9.460000038146973,9.460000038146973,0.0,9.859999656677246,286916.6666666667,9.73816007341504,9.459447097161684,9.457596133749366,9.554255785696283,0.002009184803997144,0.0012277494706800169,0.0,0.0021429061889648438,66.66666666666667,100.0,19.999999999999996,49.52380952380952,0.0,0.001058225299859883
2025-04-23 17:57:00+00:00,9.449999809265137,9.449999809265137,9.449999809265137,9.449999809265137,270.0,9.859999656677246,286916.6666666667,9.736851245568786,9.457557639582374,9.456872674274678,9.55321841279647,0.0011694570071796306,0.0012160909779799396,0.010000228881835938,0.002857208251953125,50.0,100.0,33.333333333333336,44.76190476190476,-0.001057106642865846,0.0
2025-04-23 17:58:00+00:00,9.449999809265137,9.449999809265137,9.449999809265137,9.449999809265137,0.0,9.859999656677246,286916.6666666667,9.736851245568786,9.456046073518927,9.45621811570234,9.552191362015064,0.0004982234682806563,0.001072517476040083,0.0,0.002857208251953125,50.0,100.0,33.333333333333336,40.0,-0.002111980696907323,0.0
2025-04-23 17:59:00+00:00,9.449999809265137,9.449999809265137,9.449999809265137,9.449999809265137,0.0,9.859999656677246,286916.6666666667,9.736851245568786,9.454836820668168,9.455625896041653,9.551174530644419,-3.334951482614201e-05,0.0008513440778668382,0.0,0.002857208251953125,50.0,100.0,33.333333333333336,35.23809523809524,-0.001057106642865846,0.0
2025-04-23 18:00:00+00:00,9.449999809265137,9.449999809265137,9.449999809265137,9.449999809265137,0.0,9.859999656677246,286916.6666666667,9.736851245568786,9.453869418387562,9.455090078253413,9.550167816998854,-0.0004494440227897911,0.0005911864577355123,0.0,0.002857208251953125,50.0,100.0,33.333333333333336,30.476190476190478,-0.001057106642865846,0.0
2025-04-23 18:01:00+00:00,9.449999809265137,9.449999809265137,9.449999809265137,9.449999809265137,0.0,9.859999656677246,286916.6666666667,9.736851245568786,9.453095496563078,9.45460529073072,9.54917112040449,-0.000770322124209244,0.0003188847413465611,0.0,0.002857208251953125,50.0,100.0,33.333333333333336,25.714285714285715,-0.001057106642865846,0.0
2025-04-23 18:02:00+00:00,9.449999809265137,9.449999809265137,9.449999809265137,9.449999809265137,0.0,9.859999656677246,286916.6666666667,9.736851245568786,9.45247635910349,9.454166673448283,9.548184341189172,-0.001012943746413697,5.2519043794509445e-05,0.0,0.002857208251953125,50.0,100.0,33.333333333333336,20.952380952380956,0.0,0.0
2025-04-23 18:03:00+00:00,9.449999809265137,9.449999809265137,9.449999809265137,9.449999809265137,0.0,9.859999656677246,286916.6666666667,9.736851245568786,9.45198104913582,9.453769829240365,9.547207380672516,-0.0011914883934807108,-0.00019628244366053462,0.0,0.0021429061889648438,33.333333333333336,100.0,49.99999999999999,22.142857142857142,0.0,0.0
2025-04-23 18:04:00+00:00,9.454999923706056,9.454999923706056,9.427499771118164,9.454999923706056,7819.0,9.859999656677246,286916.6666666667,9.70302230215171,9.452584824049868,9.45388698109424,9.546289893538521,-0.0009189260573680968,-0.0003408111664020471,0.0275001525878924,0.00410720280238573,26.087172853022484,91.30427571565711,55.55524159366644,26.111088685261887,0.0005291126499300525,-0.0005285533214327565
2025-04-23 18:05:00+00:00,9.454999923706056,9.454999923706056,9.427499771118164,9.454999923706056,0.0,9.859999656677246,286916.6666666667,9.70302230215171,9.453067843981106,9.4539929756287,9.54538153562974,-0.0006949079757134768,-0.00041163052826433306,0.0275001525878924,0.006071499415806615,17.64725681588826,61.76483787725535,55.55524159366643,30.07932022766663,0.0005291126499300525,-0.0005285533214327565
2025-04-23 18:06:00+00:00,9.454999923706056,9.454999923706056,9.427499771118164,9.454999923706056,0.0,9.859999656677246,286916.6666666667,9.70302230215171,9.453454259926097,9.45408887544559,9.544482216108111,-0.0005114760544664421,-0.0004315996335047549,0.0275001525878924,0.008035796029227502,13.333502873710321,46.6668362070405,55.55524159366643,34.04755177007137,0.0005291126499300525,-0.0005285533214327565
2025-04-23 18:07:00+00:00,9.454999923706056,9.454999923706056,9.427499771118164,9.454999923706056,0.0,9.859999656677246,286916.6666666667,9.70302230215171,9.45376339268209,9.454175641946588,9.543591845039435,-0.0003619327993078514,-0.0004176662666653742,0.0275001525878924,0.009285790579660105,3.846210276124282,32.692420552244464,78.94715708319279,39.68663441887087,0.0005291126499300525,-0.0005285533214327565
2025-04-23 18:08:00+00:00,9.454999923706056,9.454999923706056,9.427499771118164,9.454999923706056,0.0,9.859999656677246,286916.6666666667,9.70302230215171,9.454010698886885,9.4542541449713,9.542710333384377,-0.00024064469000251165,-0.0003822619513328017,0.0275001525878924,0.01053578513009271,3.389885301230747,22.03393118073652,73.33299425257303,43.49613400834037,0.0005291126499300525,-0.0015839855226802424
2025-04-23 18:09:00+00:00,9.454999923706056,9.454999923706056,9.427499771118164,9.454999923706056,0.0,9.859999656677246,286916.6666666667,9.70302230215171,9.45420854385072,9.454325171517468,9.541837592989568,-0.00014287600390971988,-0.0003343847618481854,0.0275001525878924,0.012500081743513596,2.857189567417,18.57145971160964,73.33299425257304,47.305633597809866,0.0,-0.0005285533214327565
2025-04-23 18:10:00+00:00,9.454999923706056,9.454999923706056,9.427499771118164,9.454999923706056,0.0,9.859999656677246,286916.6666666667,9.70302230215171,9.454366819821788,9.454389433630666,9.540973536578786,-6.464838940445361e-05,-0.000280437487359439,0.0275001525878924,0.014464378356934482,2.4691765016160745,16.049411786867122,73.33299425257303,51.11513318727937,0.0,-0.0005285533214327565
2025-04-23 18:11:00+00:00,9.454999923706056,9.454999923706056,9.427499771118164,9.454999923706056,0.0,9.859999656677246,286916.6666666667,9.70302230215171,9.454493440598641,9.45444757554261,9.540118077744232,-2.6222140583342934e-06,-0.00022487443269921808,0.0275001525878924,0.015714372907367085,2.2727666805388766,10.227233319461122,63.63573311137797,53.279590314282565,0.0,-0.0005285533214327565
2025-04-23 18:12:00+00:00,9.454999923706056,9.454999923706056,9.427499771118164,9.454999923706056,0.0,9.859999656677246,286916.6666666667,9.70302230215171,9.454594737220125,9.454500180129605,9.539271130937882,4.600367504892233e-05,-0.00017069881114959,0.0275001525878924,0.017678669520787973,2.0202370493678905,9.090874061743222,63.635733111377974,55.44404744128575,0.0,0.0005291126499300525
2025-04-23 18:13:00+00:00,9.454999923706056,9.454999923706056,9.427499771118164,9.454999923706056,0.0,9.859999656677246,286916.6666666667,9.70302230215171,9.454675774517312,9.454547774755934,9.53843261146294,8.357662320790382e-05,-0.00011984372427809125,0.0275001525878924,0.019642966134208857,1.8182133444311015,8.1817866555689,63.635733111377974,57.608504568288936,0.0,0.0005291126499300525
2025-04-23 18:14:00+00:00,9.454999923706056,9.454999923706056,9.454999923706056,9.454999923706056,408.0,9.859999656677246,286916.6666666667,9.701526955030214,9.454740604355061,9.454590836560708,9.537602435465358,0.00011206167805433154,-7.34626438116067e-05,0.0,0.019642966134208857,1.8182133444311015,18.1817866555689,81.817866555689,61.07168551274292,0.0,0.0005291126499300525
2025-04-23 18:15:00+00:00,9.454999923706056,9.454999923706056,9.454999923706056,9.454999923706056,0.0,9.859999656677246,286916.6666666667,9.701526955030214,9.45479246822526,9.454629797241218,9.536780519925465,0.00013310197255655964,-3.214972053797343e-05,0.0,0.019642966134208857,1.8182133444311015,18.1817866555689,81.817866555689,64.53486645719688,0.0,0.0005291126499300525
2025-04-23 18:16:00+00:00,9.454999923706056,9.454999923706056,9.454999923706056,9.454999923706056,0.0,9.859999656677246,286916.6666666667,9.701526955030214,9.454833959321421,9.454665047380725,9.53596678264965,0.000148069702181175,3.894164005856253e-06,0.0,0.019642966134208857,1.8182133444311015,18.1817866555689,81.817866555689,67.99804740165087,0.0,0.0005291126499300525
2025-04-23 18:17:00+00:00,9.454999923706056,9.454999923706056,9.454999923706056,9.454999923706056,0.0,9.859999656677246,286916.6666666667,9.701526955030214,9.454867152198348,9.45469694036409,9.535161142262153,0.00015810915186165175,3.4737161577015354e-05,0.0,0.019642966134208857,1.8182133444311015,18.1817866555689,81.817866555689,70.27075215562864,0.0,0.0005291126499300525
2025-04-23 18:18:00+00:00,9.454999923706056,9.454999923706056,9.454999923706056,9.454999923706056,0.0,9.859999656677246,286916.6666666667,9.701526955030214,9.45489370649989,9.454725795920469,9.534363518196917,0.00016417300387061573,6.062433003573543e-05,0.0,0.017678669520787973,0.0,11.11111111111111,100.0,73.44537775608104,0.0,0.0005291126499300525
2025-04-23 18:19:00+00:00,9.505000114440918,9.505000114440918,9.505000114440918,9.505000114440918,435.0,9.859999656677246,286916.6666666667,9.700271736394004,9.464914988088097,9.45951382625575,9.534071345025216,0.004155672171572533,0.000879633898343095,0.050000190734861505,0.01928581510271434,18.518492354749352,28.703680810405682,21.56865678340259,71.01776455534791,0.005288227513307486,0.005288227513307486
2025-04-23 18:20:00+00:00,9.505000114440918,9.505000114440918,9.505000114440918,9.505000114440918,0.0,9.859999656677246,286916.6666666667,9.700271736394004,9.472932013358662,9.463845853701955,9.533782079049253,0.007235557021806116,0.0021508185230356995,0.0,0.01732151848929345,20.618528321029032,31.95873856088203,21.5686567834026,68.59015135461478,0.005288227513307486,0.005288227513307486
2025-04-23 18:21:00+00:00,9.505000114440918,9.505000114440918,9.505000114440918,9.505000114440918,0.0,9.859999656677246,286916.6666666667,9.700271736394004,9.479345633575115,9.467765307105665,9.533495691341708,0.009566115727579927,0.003633877963944545,0.0,0.015357221875872564,23.25578300694004,36.0464858391167,21.568656783402595,64.4916870474869,0.005288227513307486,0.005288227513307486
2025-04-23 18:22:00+00:00,9.505000114440918,9.505000114440918,9.505000114440918,9.505000114440918,0.0,9.859999656677246,286916.6666666667,9.700271736394004,9.484476529748274,9.471311479232831,9.533212153263094,0.011283036471676056,0.005163709665490847,0.0,0.01339292526245168,26.666632758417038,41.33330620673363,21.56865678340259,60.79423437111759,0.005288227513307486,0.005288227513307486
2025-04-23 18:23:00+00:00,9.505000114440918,9.505000114440918,9.505000114440918,9.505000114440918,0.0,9.859999656677246,286916.6666666667,9.700271736394004,9.488581246686802,9.47451992068122,9.532931436458894,0.012499620684609525,0.006630891869314583,0.0,0.011428628649030794,31.24996274728138,48.43747206046103,21.56865678340259,57.09678169474828,0.005288227513307486,0.005288227513307486
2025-04-23 18:24:00+00:00,9.505000114440918,9.505000114440918,9.505000114440918,9.505000114440918,592.0,9.859999656677246,286916.6666666667,9.698589021941157,9.491865020237626,9.47742279627738,9.532653512856724,0.013310339134234184,0.007966781322298503,0.0,0.009464332035609908,37.735808315996984,58.490538877331325,21.568656783402595,53.399329018378964,0.0,0.005288227513307486
2025-04-23 18:25:00+00:00,9.505000114440918,9.505000114440918,9.505000114440918,9.505000114440918,0.0,9.859999656677246,286916.6666666667,9.698589021941157,9.494492039078285,9.48004920753105,9.532378354663532,0.013793832630273783,0.00913219158389356,0.0,0.007500035422189022,47.6190043687135,73.80950218435675,21.568656783402595,50.394537852095006,0.0,0.005288227513307486
2025-04-23 18:26:00+00:00,9.505000114440918,9.505000114440918,9.505000114440918,9.505000114440918,0.0,9.859999656677246,286916.6666666667,9.698589021941157,9.49659365415081,9.482425484379608,9.532105934362809,0.014015443402039196,0.010108841947522687,0.0,0.005535738808768136,64.5160893373508,100.0,21.5686567834026,47.389746685811055,0.0,0.005288227513307486
2025-04-23 18:27:00+00:00,9.505000114440918,9.505000114440918,9.505000114440918,9.505000114440918,0.0,9.859999656677246,286916.6666666667,9.698589021941157,9.498274946208833,9.48457544914735,9.531836224711846,0.014029349922346057,0.010892943542487363,0.0,0.0035714421953472503,100.0,155.00009536707336,21.568656783402595,44.38495551952709,0.0,0.005288227513307486
2025-04-23 18:28:00+00:00,9.505000114440918,9.505000114440918,9.505000114440918,9.505000114440918,0.0,9.859999656677246,286916.6666666667,9.698589021941157,9.49961997985525,9.486520655365783,9.531569198739001,0.013880366712646364,0.011490428176519163,0.0,0.0035714421953472503,100.0,100.0,0.0,38.540822194120736,0.0,0.005288227513307486
2025-04-23 18:29:00+00:00,9.505000114440918,9.505000114440918,9.505000114440918,9.505000114440918,0.0,9.859999656677246,286916.6666666667,9.698589021941157,9.500696006772383,9.488280603849129,9.53130482974101,0.013605461158462617,0.011913434772907855,0.0,0.0035714421953472503,100.0,100.0,0.0,32.69668886871438,0.0,0.005288227513307486
2025-04-23 18:30:00+00:00,9.505000114440918,9.505000114440918,9.505000114440918,9.505000114440918,0.0,9.859999656677246,286916.6666666667,9.698589021941157,9.50155682830609,9.489872938191203,9.531043091280313,0.013235031323606705,0.012177754083047625,0.0,0.0035714421953472503,100.0,100.0,0.0,26.852555543308025,0.0,0.005288227513307486
2025-04-23 18:31:00+00:00,9.505000114440918,9.505000114440918,9.505000114440918,9.505000114440918,0.0,9.859999656677246,286916.6666666667,9.698589021941157,9.502245485533056,9.491313621643556,9.53078395718241,0.012793981950730782,0.012300999656584257,0.0,0.0035714421953472503,100.0,100.0,0.0,21.008422217901664,0.0,0.005288227513307486
2025-04-23 18:32:00+00:00,9.505000114440918,9.505000114440918,9.505000114440918,9.505000114440918,0.0,9.859999656677246,286916.6666666667,9.698589021941157,9.502796411314629,9.492617097148067,9.53052740153324,0.01230263008365462,0.01230132574199833,0.0,0.0035714421953472503,100.0,100.0,0.0,13.865565075044525,0.0,0.005288227513307486
2025-04-23 18:33:00+00:00,9.5,9.5,9.5,9.5,256.0,9.859999656677246,286916.6666666667,9.69785174705729,9.502237129051704,9.493320230753014,9.530223646294104,0.011378597353948194,0.012116780064388303,0.005000114440917969,0.0003571510314941406,0.0,100.0,100.0,19.467803876230054,-0.0005260509606224151,0.0047593946755215555
2025-04-23 18:34:00+00:00,9.5,9.5,9.5,9.5,0.0,9.859999656677246,286916.6666666667,9.69785174705729,9.501789703241363,9.493956399252728,9.529922913495158,0.01052496946196868,0.011798417943904379,0.0,0.0003571510314941406,0.0,100.0,100.0,25.070042677415582,-0.0005260509606224151,-0.0005260509606224151
2025-04-23 18:35:00+00:00,9.5,9.5,9.5,9.5,0.0,9.859999656677246,286916.6666666667,9.69785174705729,9.501431762593091,9.494531980276278,9.529625173062371,0.009736230008572377,0.01138598035683798,0.0,0.0003571510314941406,0.0,100.0,100.0,30.672281478601114,-0.0005260509606224151,-0.0005260509606224151
2025-04-23 18:36:00+00:00,9.5,9.5,9.5,9.5,0.0,9.859999656677246,286916.6666666667,9.69785174705729,9.501145410074473,9.49505274405949,9.529330395220954,0.009007317559230898,0.010910247797316563,0.0,0.0003571510314941406,0.0,100.0,100.0,36.27452027978664,-0.0005260509606224151,-0.0005260509606224151
2025-04-23 18:37:00+00:00,9.5,9.5,9.5,9.5,0.0,9.859999656677246,286916.6666666667,9.69785174705729,9.50091632805958,9.49552391129192,9.529038550492388,0.008333584813344785,0.010394915200522208,0.0,0.0003571510314941406,0.0,100.0,100.0,41.87675908097217,-0.0005260509606224151,-0.0005260509606224151
2025-04-23 18:38:00+00:00,9.5,9.5,9.5,9.5,0.0,9.859999656677246,286916.6666666667,9.69785174705729,9.500733062447663,9.495950205454594,9.528749609691468,0.0077107618949057155,0.009858084539398909,0.0,0.0003571510314941406,0.0,100.0,100.0,47.47899788215769,0.0,-0.0005260509606224151
2025-04-23 18:39:00+00:00,9.5,9.5,9.5,9.5,0.0,9.859999656677246,286916.6666666667,9.69785174705729,9.500586449958131,9.496335900173206,9.528463543923394,0.00713492329048826,0.00931345228961678,0.0,0.0003571510314941406,0.0,100.0,100.0,53.08123668334323,0.0,-0.0005260509606224151
2025-04-23 18:40:00+00:00,9.494999885559082,9.494999885559082,9.494999885559082,9.494999885559082,260.0,9.859999656677246,286916.6666666667,9.697089752056359,9.499469137078322,9.496208660686145,9.528130572198377,0.00620358849356073,0.00869147953040557,0.005000114440917969,0.0007143020629882812,0.0,100.0,100.0,58.683475484528756,-0.0005263278358861312,-0.0010521019212448302
2025-04-23 18:41:00+00:00,9.494999885559082,9.494999885559082,9.494999885559082,9.494999885559082,0.0,9.859999656677246,286916.6666666667,9.697089752056359,9.498575286774475,9.496093539245472,9.527800913624851,0.005403214068689266,0.00803382643806231,0.0,0.0007143020629882812,0.0,100.0,100.0,64.28571428571429,-0.0005263278358861312,-0.0010521019212448302
2025-04-23 18:42:00+00:00,9.494999885559082,9.494999885559082,9.494999885559082,9.494999885559082,0.0,9.859999656677246,286916.6666666667,9.697089752056359,9.497860206531398,9.49598938175153,9.527474535236138,0.0047145649999880135,0.007369974150447451,0.0,0.0007143020629882812,0.0,100.0,100.0,71.42857142857143,-0.0005263278358861312,-0.0010521019212448302
2025-04-23 18:43:00+00:00,9.494999885559082,9.494999885559082,9.494999885559082,9.494999885559082,278.0,9.859999656677246,286916.6666666667,9.696281311164668,9.497288142336934,9.495895144018915,9.52715140439358,0.0041212978948816925,0.0067202388993343,0.0,0.0007143020629882812,0.0,100.0,100.0,78.57142857142857,-0.0005263278358861312,-0.0010521019212448302
2025-04-23 18:44:00+00:00,9.494999885559082,9.494999885559082,9.494999885559082,9.494999885559082,0.0,9.859999656677246,286916.6666666667,9.696281311164668,9.496830490981365,9.495809881308455,9.526831488783287,0.0036095211271192085,0.006098095344891282,0.0,0.0007143020629882812,0.0,100.0,100.0,85.71428571428571,-0.0005263278358861312,-0.0010521019212448302
2025-04-23 18:45:00+00:00,9.5,9.510000228881836,9.479999542236328,9.510000228881836,3416.0,9.859999656677246,286916.6666666667,9.687084957368313,9.499464438561459,9.49716134298211,9.526664013560387,0.004364030863284185,0.005751282448569863,0.030000686645507812,0.002857208251953125,37.5,62.5,25.0,87.5,0.0015798150082726448,0.0005260509606224151
2025-04-23 18:46:00+00:00,9.5,9.510000228881836,9.479999542236328,9.510000228881836,0.0,9.859999656677246,286916.6666666667,9.687084957368313,9.501571596625535,9.49838409402018,9.526498204757615,0.004905438424515296,0.0055821136437589495,0.030000686645507812,0.005000114440917969,21.428571428571427,35.714285714285715,25.000000000000007,89.28571428571429,0.0015798150082726448,0.0005260509606224151
2025-04-23 18:47:00+00:00,9.5600004196167,9.5600004196167,9.515000343322754,9.515000343322754,1350.0,9.859999656677246,286916.6666666667,9.684229220088936,9.50425734596498,9.499966593953758,9.526383798176173,0.005672585233593708,0.0056002079617259014,0.05000019073486328,0.008214405604771205,56.52137857829967,47.82648356387037,8.332604843003713,82.7380432030717,0.002106420011030341,0.0010521019212448302
2025-04-23 18:48:00+00:00,9.5600004196167,9.5600004196167,9.515000343322754,9.515000343322754,0.0,9.859999656677246,286916.6666666667,9.684229220088936,9.506405945436535,9.501398379607949,9.526270529968675,0.006208981334911101,0.005721962636362941,0.04500007629394531,0.011428696768624442,40.62488824251672,34.3754097774387,8.332604843003711,76.1903721204291,0.002106420011030341,0.0015789835076582825
2025-04-23 18:49:00+00:00,9.5600004196167,9.5600004196167,9.515000343322754,9.515000343322754,0.0,9.859999656677246,286916.6666666667,9.684229220088936,9.50812482501378,9.502693804723645,9.52615838880802,0.006558477068592694,0.005889265522808893,0.04500007629394531,0.014642987932477678,31.707294380349833,26.829642724227764,8.332604843003711,69.64270103778651,0.002106420011030341,0.0015789835076582825
2025-04-23 18:50:00+00:00,9.515000343322754,9.515000343322754,9.515000343322754,9.515000343322754,4556.0,9.859999656677246,286916.6666666667,9.674446732459085,9.509499928675575,9.503865856018798,9.526047363479808,0.006757558032948197,0.006062924024836754,0.0,0.014642987932477678,31.707294380349833,26.829642724227764,8.332604843003711,63.095029955143914,0.0005257743765065825,0.0015789835076582825
2025-04-23 18:51:00+00:00,9.515000343322754,9.515000343322754,9.515000343322754,9.515000343322754,0.0,9.859999656677246,286916.6666666667,9.674446732459085,9.51060001160501,9.50492628338108,9.525937442881231,0.006836523939117711,0.006217644007692946,0.0,0.014642987932477678,31.707294380349833,26.829642724227764,8.332604843003711,56.54735887250133,0.0005257743765065825,0.0015789835076582825
2025-04-23 18:52:00+00:00,9.515000343322754,9.515000343322754,9.515000343322754,9.515000343322754,0.0,9.859999656677246,286916.6666666667,9.674446732459085,9.511480077948558,9.50588571766124,9.525828616019952,0.006820482709603226,0.006338211748075002,0.0,0.014642987932477678,31.707294380349833,26.829642724227764,8.332604843003711,49.99968778985873,0.0,0.0015789835076582825
2025-04-23 18:53:00+00:00,9.515000343322754,9.515000343322754,9.515000343322754,9.515000343322754,0.0,9.859999656677246,286916.6666666667,9.674446732459085,9.512184131023398,9.50675377724805,9.525720872013014,0.00673018849605711,0.006416607097671423,0.0,0.014642987932477678,31.707294380349833,26.829642724227764,8.332604843003711,43.452016707216146,0.0,0.0015789835076582825
2025-04-23 18:54:00+00:00,9.515000343322754,9.515000343322754,9.515000343322754,9.515000343322754,0.0,9.859999656677246,286916.6666666667,9.674446732459085,9.512747373483268,9.507539164493261,9.525614200085748,0.006582747861557436,0.006449835250448626,0.0,0.014285836900983537,32.49998807917336,25.000357624799133,13.042757156599333,37.24078507554467,0.0,0.0015789835076582825
2025-04-23 18:55:00+00:00,9.515000343322754,9.515000343322754,9.515000343322754,9.515000343322754,0.0,9.859999656677246,286916.6666666667,9.674446732459085,9.513197967451166,9.508249752953214,9.525508589570693,0.00639221462527928,0.006438311125414757,0.0,0.014285836900983537,32.49998807917336,25.000357624799133,13.042757156599333,31.02955344387319,0.0,0.002106420011030341
2025-04-23 18:56:00+00:00,9.515000343322754,9.515000343322754,9.515000343322754,9.515000343322754,0.0,9.859999656677246,286916.6666666667,9.674446732459085,9.513558442625484,9.508892666321742,9.525404029906534,0.0061700906979922365,0.006384667039930254,0.0,0.014285836900983537,32.49998807917336,25.000357624799133,13.042757156599333,24.818321812201713,0.0,0.002106420011030341
2025-04-23 18:57:00+00:00,9.515000343322754,9.515000343322754,9.515000343322754,9.515000343322754,0.0,9.859999656677246,286916.6666666667,9.674446732459085,9.51384682276494,9.509474349845648,9.525300510637043,0.005925747556123184,0.0062928831431688405,0.0,0.014285836900983537,32.49998807917336,25.000357624799133,13.042757156599333,18.607090180530236,0.0,0.002106420011030341
2025-04-23 18:58:00+00:00,9.539999961853027,9.539999961853027,9.539999961853027,9.539999961853027,563.0,9.859999656677246,286916.6666666667,9.673493149201114,9.519077450582557,9.512381550989208,9.525446773833224,0.007661052298601589,0.006566516974255391,0.024999618530273438,0.016071523938860213,39.99983045890536,33.333474617578865,9.090488740925698,12.113553662024929,0.0026273901868871796,0.004739344585183769
2025-04-23 18:59:00+00:00,9.539999961853027,9.539999961853027,9.539999961853027,9.539999961853027,0.0,9.859999656677246,286916.6666666667,9.673493149201114,9.523261952836652,9.51501187583338,9.525591581674217,0.008933316101982669,0.0070398767998008475,0.0,0.013928617749895369,38.46131274055743,30.769343629721284,11.110640161629858,11.121456530712777,0.0026273901868871796,0.004739344585183769
2025-04-23 19:00:00+00:00,9.5600004196167,9.609999656677246,9.529999732971191,9.609999656677246,1696.0,9.859999656677246,286916.6666666667,9.671607074912739,9.540609493604771,9.524058331151844,9.52643146301753,0.015412321049559807,0.00871436564975264,0.07999992370605469,0.017499991825648716,59.18349870183456,28.571706610717747,34.883163889923885,11.827396808564483,0.009984162892979764,0.010515186686506306
2025-04-23 19:01:00+00:00,9.5600004196167,9.609999656677246,9.529999732971191,9.609999656677246,0.0,9.859999656677246,286916.6666666667,9.671607074912739,9.554487526219265,9.53224321929712,9.527262987332552,0.020312825540685253,0.011034057627939164,0.07999992370605469,0.01964282989501953,34.54525277606309,12.72723489551183,46.153733292251715,14.52890598351077,0.009984162892979764,0.010515186686506306
2025-04-23 19:02:00+00:00,9.5600004196167,9.609999656677246,9.529999732971191,9.609999656677246,0.0,9.859999656677246,286916.6666666667,9.671607074912739,9.565589952310862,9.539648594285703,9.528086237773794,0.0239207669449506,0.013611399491341452,0.07999992370605469,0.022142818995884488,30.64499258593851,11.290292809283267,46.153733292251715,17.230415158457053,0.009984162892979764,0.009984162892979764
2025-04-23 19:03:00+00:00,9.539999961853027,9.539999961853027,9.539999961853027,9.539999961853027,1118.0,9.859999656677246,286916.6666666667,9.66981691586562,9.560471954219295,9.539682057863544,9.528204782291995,0.020890879091149728,0.015067295411303108,0.06999969482421875,0.02392850603376116,28.358081486711153,13.432895306201463,35.713896457765664,19.18622170236862,0.0,0.0026273901868871796
2025-04-23 19:04:00+00:00,9.539999961853027,9.539999961853027,9.539999961853027,9.539999961853027,0.0,9.859999656677246,286916.6666666667,9.66981691586562,9.556377555746042,9.539712334433972,9.528322147262752,0.018278962634854068,0.015709628856013298,0.0,0.02392850603376116,28.358081486711153,13.432895306201463,35.713896457765664,21.142028246280187,0.0,0.0026273901868871796
2025-04-23 19:05:00+00:00,9.604999542236328,9.604999542236328,9.604999542236328,9.604999542236328,734.0,9.859999656677246,286916.6666666667,9.66924320011611,9.5661019530441,9.545930163748483,9.52908510641672,0.021209433787879206,0.01680958984238648,0.06499958038330078,0.02857133320399693,39.999856948375054,27.500005960484373,18.51833537020423,21.86958042679451,-0.0005203032902757476,0.009458664809899986
2025-04-23 19:06:00+00:00,9.604999542236328,9.604999542236328,9.604999542236328,9.604999542236328,0.0,9.859999656677246,286916.6666666667,9.66924320011611,9.573881470882545,9.551555818842564,9.529840473937313,0.023263684021298303,0.018100408678168846,0.0,0.02857133320399693,39.999856948375054,27.500005960484373,18.51833537020423,22.597132607308833,-0.0005203032902757476,0.009458664809899986
2025-04-23 19:07:00+00:00,9.600000381469728,9.600000381469728,9.59000015258789,9.59000015258789,1023.0,9.859999656677246,286916.6666666667,9.668318167541898,9.577105207223616,9.555217183961167,9.530439077704981,0.023411493616592338,0.019162625665853545,0.0149993896484375,0.029642718178885325,38.55413103776338,30.120393329304136,12.280736978068681,22.879142045527765,-0.002081113923397382,0.007882270789172141
2025-04-23 19:08:00+00:00,9.600000381469728,9.600000381469728,9.59000015258789,9.59000015258789,0.0,9.859999656677246,286916.6666666667,9.668318167541898,9.579684196296471,9.558529847639903,9.531031725216256,0.0232605012070195,0.019982200774086738,0.010000228881837714,0.03035702024187373,37.64695058600703,29.41165910829957,12.28073697806868,22.824712032775572,0.005241110160880025,0.007882270789172141
2025-04-23 19:09:00+00:00,9.600000381469728,9.600000381469728,9.59000015258789,9.59000015258789,0.0,9.859999656677246,286916.6666666667,9.668318167541898,9.581747387554756,9.561527019539712,9.531618475737368,0.022877125373797824,0.020561185694028955,0.010000228881837714,0.03107132230486214,36.78148067761502,28.73551122599066,12.280736978068672,22.770282020023384,0.005241110160880025,0.007882270789172141
2025-04-23 19:10:00+00:00,9.600000381469728,9.600000381469728,9.59000015258789,9.59000015258789,0.0,9.859999656677246,286916.6666666667,9.668318167541898,9.583397940561383,9.564238746496683,9.532199387944836,0.022316051711030127,0.02091215889742919,0.010000228881837714,0.03178562436785055,35.954909293528495,28.089752794059006,12.280736978068678,22.715852007271195,-0.0015616231507852296,0.007882270789172141
2025-04-23 19:11:00+00:00,9.600000381469728,9.600000381469728,9.59000015258789,9.59000015258789,0.0,9.859999656677246,286916.6666666667,9.668318167541898,9.584718382966685,9.566692213743465,9.532774519931335,0.02162215010389268,0.02105415713872189,0.010000228881837714,0.03249992643083895,35.1646716313731,27.472380062082863,12.28073697806868,22.661421994519003,-0.0015616231507852296,0.007882270789172141
2025-04-23 19:12:00+00:00,9.56999969482422,9.56999969482422,9.56999969482422,9.56999969482422,2373.0,9.859999656677246,286916.6666666667,9.665615383364527,9.581774645338193,9.567007211941633,9.533144919681513,0.019236610617392458,0.020690647834456004,0.0200004577636701,0.032142843518938716,29.999851650598657,26.666652538151578,5.88213294637788,22.43225372347987,-0.002085553435395182,0.005780278456853916
2025-04-23 19:13:00+00:00,9.609999656677246,9.609999656677246,9.609999656677246,9.609999656677246,472.0,9.859999656677246,286916.6666666667,9.665312935925805,9.587419647606005,9.57110173048788,9.533909643432715,0.020339257713198222,0.020620369810204448,0.03999996185302557,0.03499998365129769,35.714146694640505,32.65304533652945,4.477441982282138,21.958453853526468,0.0020854539907342318,0.00733749424571517
2025-04-23 19:14:00+00:00,9.609999656677246,9.609999656677246,9.609999656677246,9.609999656677246,0.0,9.859999656677246,286916.6666666667,9.665312935925805,9.591935649420254,9.574806294886868,9.534666757992362,0.020971368597795248,0.020690569567722607,0.0,0.029285703386579494,25.609653978916157,36.58528642804522,17.64714682144881,20.72730977720682,0.0020854539907342318,0.00733749424571517
2025-04-23 19:15:00+00:00,9.609999656677246,9.609999656677246,9.609999656677246,9.609999656677246,0.0,9.859999656677246,286916.6666666667,9.665312935925805,9.595548450871654,9.578158043628807,9.535416339073803,0.021227622212819597,0.020797980096742007,0.0,0.023571423121861303,31.81805045805189,45.45444036644065,17.647146821448814,18.691125029292326,0.0020854539907342318,0.0
2025-04-23 19:16:00+00:00,9.609999656677246,9.609999656677246,9.609999656677246,9.609999656677246,0.0,9.859999656677246,286916.6666666667,9.665312935925805,9.598438692032772,9.581190578204849,9.536158461637022,0.02118648048996974,0.020875680175387556,0.0,0.01785714285714311,41.99981689452994,59.9998474121071,17.647146821448814,16.65494028137783,0.0020854539907342318,0.0
2025-04-23 19:17:00+00:00,9.595000267028809,9.600000381469728,9.595000267028809,9.595000267028809,2786.0,9.859999656677246,286916.6666666667,9.663177998931651,9.59775100703198,9.582505786664273,9.536743952237936,0.01971627306575563,0.020643798753461173,0.0149993896484375,0.013928549630301592,53.84600336476199,79.48667788254299,19.230599938377274,15.477561958564376,0.002612390073336135,-0.0015608106331216343
2025-04-23 19:18:00+00:00,9.619999885559082,9.619999885559082,9.619999885559082,9.619999885559082,373.0,9.859999656677246,286916.6666666667,9.662998956139438,9.6022007827374,9.586076653225684,9.537572369484913,0.020333985843322466,0.020581836171433433,0.024999618530273438,0.015714236668178266,56.81792566518738,81.81770892034767,18.032725373890784,14.214621166859024,0.0010406065805514952,0.008385736271063537
2025-04-23 19:19:00+00:00,9.609999656677246,9.609999656677246,9.600000381469728,9.600000381469728,2156.0,9.859999656677246,286916.6666666667,9.661602363176694,9.601760702483865,9.58740272258226,9.538193543733518,0.018990820475673686,0.020263633032281483,0.019999504089353692,0.012499945504324903,34.28555858310389,77.14223433242124,38.461387978677415,15.639124924607112,-0.0010405073428457756,0.006289352186228614
2025-04-23 19:20:00+00:00,9.609999656677246,9.609999656677246,9.600000381469728,9.600000381469728,0.0,9.859999656677246,286916.6666666667,9.661602363176694,9.601408638281038,9.588602499619162,9.53880853714383,0.017722063330356974,0.019755319091896584,0.009999275207517755,0.01321417944771903,32.43240456736154,72.97265252467686,38.46138797867742,17.063628682355194,-0.0010405073428457756,-0.000520474857350739
2025-04-23 19:21:00+00:00,9.609999656677246,9.609999656677246,9.600000381469728,9.600000381469728,0.0,9.859999656677246,286916.6666666667,9.661602363176694,9.601126986918777,9.589688012176358,9.539417411216725,0.01652606199621509,0.019109467672760286,0.009999275207517755,0.01285702841622476,33.33333333333169,66.66666666666437,33.333333333334,18.567385564874147,-0.0010405073428457756,-0.000520474857350739
2025-04-23 19:22:00+00:00,9.619999885559082,9.619999885559082,9.614999771118164,9.614999771118164,1205.0,9.859999656677246,286916.6666666667,9.661022088575562,9.603901543758655,9.592098655885103,9.540169474499326,0.01659722523063678,0.018607019184335584,0.019999504089353692,0.01357126235961876,36.84239585999806,71.0526183699983,31.70695398127981,19.95497249367494,0.002084367225926975,0.002606842349583083
2025-04-23 19:23:00+00:00,9.619999885559082,9.619999885559082,9.614999771118164,9.614999771118164,0.0,9.859999656677246,286916.6666666667,9.661022088575562,9.606121189230556,9.594279714478727,9.540914054565185,0.016463837733610376,0.018178382894190544,0.005000114440917969,0.013214111328124492,37.83817222038884,72.97302870339718,31.706953981279803,21.342559422475738,-0.0005197624220789621,0.002606842349583083
2025-04-23 19:24:00+00:00,9.649999618530272,9.649999618530272,9.649999618530272,9.649999618530272,1904.0,9.859999656677246,286916.6666666667,9.660801680848385,9.6148968750905,9.599586372007444,9.54199948306235,0.01896372039720795,0.018335450394794027,0.0349998474121076,0.014999798366000914,47.61941525354442,80.95259720796726,25.925690448690144,22.317198956091552,0.005208253653515849,0.006256461416863424
2025-04-23 19:25:00+00:00,9.649999618530272,9.649999618530272,9.649999618530272,9.649999618530272,0.0,9.859999656677246,286916.6666666667,9.660801680848385,9.621917423778454,9.604387633581048,9.543074111275962,0.020706207151910405,0.018809601746217305,0.0,0.014285496303012504,50.000476844434715,85.00038147554827,25.925690448690155,23.291838489707374,0.005208253653515849,0.006256461416863424
2025-04-23 19:26:00+00:00,9.649999618530272,9.649999618530272,9.649999618530272,9.649999618530272,0.0,9.859999656677246,286916.6666666667,9.660801680848385,9.627533862728818,9.608731632147641,9.544138046671527,0.021835435154574867,0.019414768427888817,0.0,0.01285689217703607,55.5563208646819,83.33368655293094,19.99954223108966,24.300224867186788,0.005208253653515849,0.006256461416863424
2025-04-23 19:27:00+00:00,9.725000381469728,9.725000381469728,9.725000381469728,9.725000381469728,1555.0,9.859999656677246,286916.6666666667,9.661833259692342,9.647027166477,9.619804846368794,9.545937671893402,0.028454287924999377,0.02122267232731093,0.07500076293945668,0.015356949397495434,62.791595140193444,86.04690362445294,15.624525023617968,25.09644508442506,0.011440521369744383,0.01619651949720935
2025-04-23 19:28:00+00:00,9.725000381469728,9.725000381469728,9.725000381469728,9.725000381469728,0.0,9.859999656677246,286916.6666666667,9.661833259692342,9.662621809475546,9.62982346875936,9.547719390396649,0.03331573339555938,0.023641284540960622,0.0,0.015356949397495434,62.791595140193444,86.04690362445294,15.624525023617968,24.951972098865717,0.011440521369744383,0.011966777200931311
2025-04-23 19:29:00+00:00,9.6850004196167,9.6850004196167,9.6850004196167,9.6850004196167,2528.0,9.859999656677246,286916.6666666667,9.662423048116313,9.667097531503778,9.63507841646006,9.5490853707869,0.03355401156917104,0.025623829946602707,0.03999996185302912,0.018214089529854656,52.94183645992354,88.23564611196007,24.999602634269884,25.47714751406722,0.0036270261626971667,0.007804450116430717
2025-04-23 19:30:00+00:00,9.6850004196167,9.6850004196167,9.6850004196167,9.6850004196167,0.0,9.859999656677246,286916.6666666667,9.662423048116313,9.670678109126364,9.639832892951167,9.550437759332471,0.03335831484970164,0.027170726927222496,0.0,0.018214089529854656,52.94183645992354,88.23564611196007,24.999602634269884,26.002322929268725,0.0036270261626971667,0.007804450116430717
2025-04-23 19:31:00+00:00,9.6850004196167,9.6850004196167,9.6850004196167,9.6850004196167,0.0,9.859999656677246,286916.6666666667,9.662423048116313,9.67354257122443,9.644134562157408,9.551776691275599,0.03282483947291226,0.02830154943636045,0.0,0.017142704554966266,56.25059605175402,87.50039736783675,21.738841988290513,26.1814830756911,0.0036270261626971667,0.007804450116430717
2025-04-23 19:32:00+00:00,9.539999961853027,9.539999961853027,9.539999961853027,9.539999961853027,2051.0,9.859999656677246,286916.6666666667,9.659945645105756,9.64683404935015,9.634216981176039,9.55165950988831,0.02046581410569992,0.026734402370228345,0.14500045776367188,0.02571419307163758,31.944760865304424,91.6669757289021,48.31435631363564,28.344456714244306,-0.019023178648836403,-0.005732183808767388
2025-04-23 19:33:00+00:00,9.539999961853027,9.539999961853027,9.539999961853027,9.539999961853027,0.0,9.859999656677246,286916.6666666667,9.659945645105756,9.625467231850728,9.625243931716705,9.551543494484974,0.010549588372349206,0.023497439570652517,0.0,0.024285657065255175,33.823822279568176,91.176808829924,45.88215758696327,28.874511686264725,-0.019023178648836403,-0.008316000484173136
2025-04-23 19:34:00+00:00,9.539999961853027,9.539999961853027,9.539999961853027,9.539999961853027,0.0,9.859999656677246,286916.6666666667,9.659945645105756,9.608373777851188,9.617125458396355,9.551428633463761,0.0026602424174768657,0.019330000140017387,0.0,0.02357142312186105,34.84871253937574,93.9395428142074,45.88215758696326,29.40456665828514,-0.014971652192185547,-0.006250043461718646
2025-04-23 19:35:00+00:00,9.539999961853027,9.539999961853027,9.539999961853027,9.539999961853027,0.0,9.859999656677246,286916.6666666667,9.659945645105756,9.594699014651557,9.609780173011277,9.551314915338281,-0.0035511852385354814,0.014753763064306815,0.0,0.022857189178466925,35.93765366791375,96.87493480755191,45.88215758696327,30.300911247830083,-0.014971652192185547,-0.006250043461718646
2025-04-23 19:36:00+00:00,9.654999732971191,9.654999732971191,9.654999732971191,9.654999732971191,1046.0,9.859999656677246,286916.6666666667,9.659895122399329,9.606759158315484,9.614086797769364,9.552346605065972,0.0007965518750232548,0.011962320826450105,0.11499977111816406,0.029642922537667666,53.01199558782974,98.79515580476148,30.158763797978846,30.19032623473716,-0.0030976443309947976,0.005729098887081729
2025-04-23 19:37:00+00:00,9.654999732971191,9.654999732971191,9.654999732971191,9.654999732971191,0.0,9.859999656677246,286916.6666666667,9.659895122399329,9.616407273246626,9.617983267788585,9.553368029224234,0.004193821102170148,0.010408620881594114,0.0,0.029285771506173525,53.65849687265213,100.0,30.158763797978846,30.079741221644237,0.0120544833939209,0.004160162538243695
2025-04-23 19:38:00+00:00,9.635000228881836,9.635000228881836,9.600000381469728,9.604999542236328,1916.0,9.859999656677246,286916.6666666667,9.659039894046494,9.614125727044566,9.616746722497894,9.553881775622365,0.00281908723459523,0.008890714152194338,0.05499935150146307,0.030714307512556056,44.18613935167981,100.0,38.709588105543475,30.992876768562333,0.006813373233040876,-0.0010400654310855906
2025-04-23 19:39:00+00:00,9.635000228881836,9.635000228881836,9.600000381469728,9.604999542236328,0.0,9.859999656677246,286916.6666666667,9.659039894046494,9.61230049008292,9.615627943425364,9.554390410116037,0.0017098901903747077,0.007454549359830412,0.0349998474121076,0.03321429661342089,40.86031649671505,92.473153564075,38.70958810554347,31.906012315480428,0.006813373233040876,-0.004663220525680911
2025-04-23 19:40:00+00:00,9.630000114440918,9.65999984741211,9.630000114440918,9.654999732971191,1304.0,9.859999656677246,286916.6666666667,9.65890770551973,9.620840338660575,9.619377637667824,9.55539149790564,0.004809994442950938,0.006925638376454518,0.05500030517578125,0.03714288984026241,41.346146792356485,88.46146792355944,36.29626908584283,33.07006423367708,0.0120544833939209,0.0005181465946710873
2025-04-23 19:41:00+00:00,9.65999984741211,9.65999984741211,9.65999984741211,9.65999984741211,387.0,9.859999656677246,286916.6666666667,9.658911692679887,9.628672240410882,9.623246419548233,9.556432377005207,0.00758290582765575,0.007057091866694765,0.005000114440917969,0.03214284351893821,31.11098866398661,92.22204090628765,49.54962385601694,35.493285578848436,0.0005178782578152408,0.0010362931893421745
2025-04-23 19:42:00+00:00,9.619999885559082,9.619999885559082,9.515000343322754,9.515000343322754,5333.0,9.859999656677246,286916.6666666667,9.653694919970905,9.605937860993258,9.612937269431521,9.55602011796359,-0.0018979121410573896,0.005266091065144334,0.14499950408935547,0.042499950953892175,23.529336338078807,94.11750563389761,60.000054495838455,38.66296625543561,-0.014500196118115705,-0.021593833409725538
2025-04-23 19:43:00+00:00,9.619999885559082,9.619999885559082,9.515000343322754,9.515000343322754,0.0,9.859999656677246,286916.6666666667,9.653694919970905,9.587750357459157,9.60360994313545,9.555611961001988,-0.009304274798697776,0.0023520178923759115,0.10499954223632812,0.047142778124127815,21.212064289316487,78.78779121433277,57.57581011996081,40.989838218699255,-0.009370036772809676,-0.021593833409725538
2025-04-23 19:44:00+00:00,9.5,9.510000228881836,9.475000381469728,9.510000228881836,71754.0,9.859999656677246,286916.6666666667,9.592808615736924,9.572200331743693,9.594694732254153,9.555158112921191,-0.01539981849101224,-0.001198349384301719,0.03999996185302557,0.04999991825648679,19.999945504235836,79.99991825635337,60.00005449583825,43.48987049452556,-0.00989061091952681,-0.01806919805397278
2025-04-23 19:45:00+00:00,9.5,9.510000228881836,9.475000381469728,9.510000228881836,0.0,9.859999656677246,286916.6666666667,9.592808615736924,9.559760311171322,9.586628589075836,9.554708780741695,-0.020000032854039063,-0.004958686078249188,0.0349998474121076,0.05249990735735161,19.04756961834813,76.19040822522844,60.000054495838256,46.22281424506469,-0.015018074375931056,-0.01806919805397278
2025-04-23 19:46:00+00:00,9.479999542236328,9.479999542236328,9.479999542236328,9.479999542236328,845.0,9.859999656677246,286916.6666666667,9.592290374887568,9.543808157384323,9.576473441757788,9.55396540523418,-0.02576948597224593,-0.009120846057048538,0.030000686645507812,0.04428563799176847,22.58058561856679,67.74160303699611,49.99991484999061,46.34321128337575,-0.01863357225869966,-0.021166842384967577
2025-04-23 19:47:00+00:00,9.300000190734863,9.300000190734863,9.300000190734863,9.300000190734863,225.0,9.859999656677246,286916.6666666667,9.591933269233664,9.495046564054432,9.55014265594608,9.551438388174486,-0.04435496604534883,-0.016167670054708597,0.17999935150146484,0.057142734527587384,17.49996125689792,74.99973177852274,62.162120364666066,47.50606576749738,-0.022595916429868468,-0.02515720881319028
2025-04-23 19:48:00+00:00,9.43000030517578,9.449999809265137,9.335000038146973,9.369999885559082,7259.0,9.859999656677246,286916.6666666667,9.584086015027031,9.470037228355363,9.53298620162351,9.549633029939507,-0.05282674866883319,-0.023499485777533517,0.14999961853027344,0.06785699299403548,30.526278804792703,66.84187542978157,37.29720144175602,46.892854614268295,-0.015239143723775883,-0.01781971456747522
2025-04-23 19:49:00+00:00,9.3100004196167,9.375,9.3100004196167,9.375,1483.0,9.859999656677246,286916.6666666667,9.582312044453476,9.45102978268429,9.517939896706984,9.547895387850557,-0.058463301439310555,-0.030492248909888928,0.06499958038330078,0.07249982016427126,28.571401726201973,65.02440096889768,38.94725852338276,46.397504681155404,-0.014195607322052495,-0.017295593554801036
2025-04-23 19:50:00+00:00,9.3100004196167,9.375,9.3100004196167,9.375,0.0,9.859999656677246,286916.6666666667,9.582312044453476,9.435823826147434,9.504326573211081,9.546175035732643,-0.06221315558781271,-0.036836430245473686,0.06499958038330078,0.06892837796892388,18.134686862877196,56.47645504920052,51.388796905836834,47.91393561743097,-0.014195607322052495,-0.017295593554801036
2025-04-23 19:51:00+00:00,9.3100004196167,9.375,9.3100004196167,9.375,0.0,9.859999656677246,286916.6666666667,9.582312044453476,9.423659060917949,9.492009756714788,9.54447180154625,-0.06444209367467124,-0.0423575629313132,0.06499958038330078,0.07357120513915964,16.990268788830058,52.91241909946913,51.388796905836834,49.43036655370655,-0.01107590161460692,-0.029000491011409446
2025-04-23 19:52:00+00:00,9.3100004196167,9.375,9.3100004196167,9.375,0.0,9.859999656677246,286916.6666666667,9.582312044453476,9.41392724873436,9.480865970360998,9.5427855149637,-0.06545402985469195,-0.046976856315988955,0.06499958038330078,0.07428550720214806,16.826896625083993,47.11521885052554,47.368345573419305,50.04884922998339,0.008064495454511489,-0.029000491011409446
2025-04-23 19:53:00+00:00,9.3100004196167,9.375,9.3100004196167,9.375,0.0,9.859999656677246,286916.6666666667,9.582312044453476,9.406141798987488,9.470783496993283,9.541116007352123,-0.0655009424760209,-0.05068167354799535,0.06499958038330078,0.076428345271519,16.355117280005903,45.7942392553115,47.3683455734193,50.66733190626024,0.0005336301496250417,-0.023945815012790472
2025-04-23 19:54:00+00:00,9.43000030517578,9.539999961853027,9.390000343322754,9.539999961853027,2816.0,9.859999656677246,286916.6666666667,9.580983869169755,9.432913431560596,9.477375541265639,9.541104902421784,-0.051628857772534786,-0.05087111039290324,0.16499996185302734,0.084285463605608,26.69495908886663,45.76260227783347,26.315601614671387,49.954427086890846,0.017599995930989598,-0.006767265328590177
2025-04-23 19:55:00+00:00,9.539999961853027,9.539999961853027,9.539999961853027,9.539999961853027,1065.0,9.859999656677246,286916.6666666667,9.580762064350829,9.454330737619083,9.483339771797771,9.541093907988264,-0.04017205228949017,-0.04873129877222063,0.0,0.08392831257411386,26.808557609817033,56.170129529662475,35.38447393183186,48.94263066373477,0.017599995930989598,-0.011910903604217316
2025-04-23 19:56:00+00:00,9.550000190734863,9.55500030517578,9.539999961853027,9.539999961853027,1189.0,9.859999656677246,286916.6666666667,9.580547283602852,9.471464582465872,9.488735980374463,9.541083022952094,-0.030738121471838298,-0.04513266331214416,0.01500034332275213,0.0746426582336422,31.57902421974174,49.28218705025458,21.89326940874261,46.22071744322792,0.017599995930989598,-0.012422348597782795
2025-04-23 19:57:00+00:00,9.510000228881836,9.510000228881836,9.510000228881836,9.510000228881836,363.0,9.859999656677246,286916.6666666667,9.58041816709477,9.479171711749066,9.490761146898974,9.540773741419056,-0.02538971424236003,-0.04118407349818734,0.029999732971191406,0.06928552900041815,34.020701670212645,56.18543017708889,24.571199377439317,43.86324524733352,0.014400024414062518,-0.0005254980830796674
2025-04-23 19:58:00+00:00,9.539999961853027,9.56999969482422,9.539999961853027,9.550000190734863,1621.0,9.859999656677246,286916.6666666667,9.58019859799538,9.493337407546225,9.49640296059763,9.540865546884884,-0.017719145077226273,-0.03649108781399513,0.05999946594238459,0.07071406500680093,39.39400069551018,54.04026830121167,15.675477277202603,40.697204017430984,0.018666687011718697,0.0036783863530462924
2025-04-23 19:59:00+00:00,9.579999923706056,9.640000343322754,9.529999732971191,9.539999961853027,12552.0,9.859999656677246,286916.6666666667,9.579596213907898,9.502669918407586,9.500555055955287,9.540856934098498,-0.012305251367742187,-0.03165392052474454,0.1100006103515625,0.07607126235961914,43.192586218166966,51.17355925464576,8.457453673127027,37.015589672951606,0.0,0.003154545977831047
